entry run subrun event num_rank0_electrons electron1_angle_deg electron2_angle_deg
1 1430 0 8 2 80.2774 99.7226
2 1430 0 10 2 119.963 60.037
4 1430 0 16 2 88.0806 91.9194
5 1430 0 20 2 102.171 77.829
7 1430 0 23 2 111.878 68.1221
8 1430 0 24 2 96.6068 83.3932
9 1430 0 25 2 88.0534 91.9466
12 1430 0 31 2 60.3513 119.649
16 1430 0 38 2 106.226 73.7739
19 1430 0 41 2 101.621 78.379
21 1430 0 48 2 104.73 75.2701
22 1430 0 49 2 67.2093 112.791
24 1430 0 51 2 81.5811 98.4189
26 1430 0 53 2 64.5134 115.487
27 1430 0 55 2 85.8293 94.1707
31 1430 0 62 2 95.7259 84.2741
33 1430 0 64 2 75.9063 104.094
34 1430 0 65 2 83.3034 96.6966
37 1430 0 73 2 87.3767 92.6233
41 1430 0 78 2 104.859 75.1414
42 1430 0 80 2 86.5141 93.4859
43 1430 0 82 2 101.785 78.2147
50 1430 0 92 2 71.4634 108.537
51 1430 0 93 2 83.2701 96.7299
55 1430 0 101 2 57.3811 122.619
58 1430 0 105 2 119.74 60.26
59 1430 0 106 2 105.224 74.7762
62 1430 0 109 2 67.2515 112.749
63 1430 0 110 2 91.7186 88.2814
64 1430 0 111 2 90.1636 89.8364
66 1430 0 114 2 73.5658 106.434
67 1430 0 115 2 92.2793 87.7207
70 1430 0 120 2 75.9159 104.084
71 1430 0 121 2 80.4939 99.5061
73 1430 0 124 2 66.0039 113.996
75 1430 0 126 2 66.1523 113.848
78 1430 0 131 2 100.79 79.21
79 1430 0 132 2 62.0475 117.953
80 1430 0 133 2 83.1806 96.8194
81 1430 0 138 2 110.486 69.5139
85 1430 0 149 2 82.0934 97.9066
87 1430 0 153 2 119.772 60.2282
88 1430 0 154 2 82.2678 97.7322
89 1430 0 155 2 85.3749 94.6251
91 1430 0 158 2 103.864 76.1362
92 1430 0 160 2 68.912 111.088
93 1430 0 162 2 61.2428 118.757
98 1430 0 175 2 68.6947 111.305
103 1430 0 180 2 89.0825 90.9175
104 1430 0 181 2 113.672 66.3281
107 1430 0 185 2 72.0733 107.927
108 1430 0 186 2 112.62 67.38
109 1430 0 187 2 79.7565 100.244
111 1430 0 190 2 79.699 100.301
112 1430 0 191 2 92.7798 87.2202
117 1430 0 203 2 96.9832 83.0168
123 1430 0 213 2 63.3712 116.629
124 1430 0 214 2 84.8365 95.1635
125 1430 0 215 2 90.9111 89.0889
128 1430 0 221 2 98.5775 81.4225
134 1430 0 234 2 76.4763 103.524
136 1430 0 239 2 74.3635 105.637
140 1430 0 244 2 81.7121 98.2879
143 1430 0 254 2 82.1127 97.8873
145 1430 0 257 2 119.074 60.9259
147 1430 0 259 2 100.495 79.5051
150 1430 0 266 2 69.4993 110.501
151 1430 0 267 2 67.0847 112.915
152 1430 0 269 2 94.737 85.263
155 1430 0 272 2 105.955 74.045
156 1430 0 273 2 64.411 115.589
157 1430 0 274 2 80.5718 99.4282
158 1430 0 275 2 64.357 115.643
160 1430 0 280 2 79.164 100.836
164 1430 0 289 2 83.4299 96.5701
167 1430 0 294 2 74.6667 105.333
168 1430 0 295 2 101.492 78.5082
169 1430 0 296 2 108.081 71.919
172 1430 0 300 2 99.7794 80.2206
174 1430 0 302 2 68.7416 111.258
176 1430 0 306 2 118.836 61.1643
182 1430 0 315 2 65.8239 114.176
183 1430 0 316 2 87.8795 92.1205
184 1430 0 317 2 107.211 72.7892
188 1430 0 321 2 104.302 75.6976
189 1430 0 322 2 105.916 74.084
190 1430 0 323 2 80.1705 99.8295
191 1430 0 329 2 65.3046 114.695
192 1430 0 331 2 68.2674 111.733
196 1430 0 337 2 92.1014 87.8986
197 1430 0 339 2 119.051 60.9495
200 1430 0 344 2 72.07 107.93
203 1430 0 347 2 110.847 69.1528
205 1430 0 349 2 105.167 74.8334
207 1430 0 353 2 109.877 70.1233
208 1430 0 354 2 83.4332 96.5668
209 1430 0 355 2 101.211 78.7889
210 1430 0 356 2 97.8451 82.1549
211 1430 0 357 2 85.7758 94.2242
212 1430 0 359 2 71.9712 108.029
215 1430 0 365 2 103.786 76.2139
216 1430 0 366 2 115.372 64.6279
217 1430 0 367 2 90.9028 89.0972
218 1430 0 369 2 114.695 65.3054
220 1430 0 372 2 79.6869 100.313
226 1430 0 379 2 103.076 76.9238
233 1430 0 392 2 73.4023 106.598
235 1430 0 394 2 61.9477 118.052
237 1430 0 396 2 108.632 71.3681
238 1430 0 397 2 94.2191 85.7809
240 1430 0 402 2 114.871 65.1289
241 1430 0 403 2 98.7729 81.2271
242 1430 0 404 2 101.736 78.2642
244 1430 0 407 2 95.4719 84.5281
246 1430 0 409 2 67.3085 112.692
247 1430 0 410 2 119.32 60.6802
248 1430 0 411 2 106.186 73.8141
250 1430 0 421 2 116.764 63.2357
253 1430 0 426 2 109.882 70.1177
256 1430 0 429 2 118.578 61.4223
257 1430 0 432 2 111.723 68.2774
259 1430 0 434 2 102.253 77.7473
261 1430 0 437 2 102.31 77.6899
263 1430 0 448 2 89.9664 90.0336
265 1430 0 453 2 108.659 71.3413
266 1430 0 457 2 91.574 88.426
267 1430 0 462 2 117.929 62.0709
270 1430 0 470 2 64.6347 115.365
273 1430 0 475 2 111.595 68.4051
275 1430 0 477 2 91.991 88.009
276 1430 0 478 2 63.1291 116.871
277 1430 0 479 2 98.0909 81.9091
285 1430 0 497 2 76.4922 103.508
288 1430 0 505 2 66.9941 113.006
289 1430 0 506 2 93.0729 86.9271
290 1430 0 508 2 58.8602 121.14
292 1430 0 511 2 115.998 64.0016
293 1430 0 513 2 74.3473 74.3473
294 1430 0 514 2 112.98 67.0201
296 1430 0 517 2 79.5237 100.476
304 1430 0 527 2 77.8329 102.167
308 1430 0 537 2 108.561 71.4386
309 1430 0 538 2 75.0741 104.926
312 1430 0 541 2 65.7128 114.287
313 1430 0 542 2 108.497 71.5031
321 1430 0 560 2 81.5997 98.4003
324 1430 0 565 2 102.414 77.5862
325 1430 0 566 2 87.2367 92.7633
327 1430 0 569 2 76.0978 103.902
328 1430 0 571 2 113.778 66.2218
329 1430 0 573 2 72.1457 107.854
334 1430 0 584 2 97.9086 82.0914
335 1430 0 585 2 95.4829 84.5171
336 1430 0 587 2 61.8792 118.121
340 1430 0 595 2 87.226 92.774
345 1430 0 602 2 104.634 75.3663
347 1430 0 604 2 87.4129 92.5871
348 1430 0 607 2 67.3533 112.647
351 1430 0 610 2 119.834 60.1659
352 1430 0 611 2 111.315 68.685
356 1430 0 617 2 100.186 79.8137
358 1430 0 620 2 82.8651 97.1349
360 1430 0 629 2 76.536 103.464
361 1430 0 630 2 104.359 75.6406
363 1430 0 632 2 100.405 79.5946
364 1430 0 634 2 86.1656 93.8344
365 1430 0 636 2 65.2749 114.725
366 1430 0 638 2 88.4217 91.5783
367 1430 0 639 2 114.349 65.651
370 1430 0 646 2 120.762 59.2376
372 1430 0 648 2 87.4662 92.5338
373 1430 0 649 2 99.2855 80.7145
375 1430 0 654 2 96.365 83.635
379 1430 0 660 2 99.6029 80.3971
383 1430 0 666 2 79.6901 100.31
384 1430 0 668 2 87.5603 92.4397
388 1430 0 675 2 78.324 101.676
389 1430 0 677 2 79.7291 100.271
390 1430 0 678 2 86.63 93.37
399 1430 0 696 2 120.199 59.8014
400 1430 0 698 2 110.48 69.5201
401 1430 0 699 2 62.3209 117.679
402 1430 0 701 2 74.8913 105.109
403 1430 0 703 2 119.497 60.5027
404 1430 0 704 2 79.8673 100.133
406 1430 0 706 2 62.04 117.96
408 1430 0 708 2 78.4685 101.532
409 1430 0 709 2 77.176 102.824
411 1430 0 711 2 102.391 77.6093
418 1430 0 725 2 65.857 114.143
420 1430 0 728 2 100.887 79.1127
421 1430 0 729 2 93.1761 86.8239
423 1430 0 731 2 109.508 70.4915
429 1430 0 740 2 77.7473 102.253
433 1430 0 748 2 107.832 72.1676
434 1430 0 749 2 82.4589 97.5411
436 1430 0 751 2 115.892 64.1078
437 1430 0 752 2 103.884 76.1158
441 1430 0 760 2 94.5341 85.4659
443 1430 0 766 2 109.213 70.7871
444 1430 0 768 2 90.2025 89.7975
445 1430 0 769 2 76.8274 103.173
446 1430 0 770 2 108.524 71.4761
451 1430 0 782 2 79.7381 100.262
452 1430 0 783 2 77.6742 102.326
455 1430 0 789 2 100.958 79.0424
456 1430 0 790 2 93.1138 86.8862
458 1430 0 793 2 76.786 103.214
459 1430 0 795 2 82.1511 97.8489
461 1430 0 800 2 69.7899 110.21
462 1430 0 803 2 75.9452 104.055
465 1430 0 810 2 90.5255 89.4745
467 1430 0 812 2 88.3513 91.6487
468 1430 0 813 2 117.41 62.5901
469 1430 0 821 2 119.005 60.9954
470 1430 0 822 2 107.623 72.3772
473 1430 0 829 2 94.7816 85.2184
476 1430 0 832 2 81.4702 98.5298
477 1430 0 834 2 105.458 74.5423
480 1430 0 838 2 70.146 109.854
481 1430 0 840 2 93.9475 86.0525
483 1430 0 842 2 95.2054 84.7946
485 1430 0 846 2 113.09 66.9097
487 1430 0 849 2 91.0887 88.9113
489 1430 0 851 2 79.2433 100.757
490 1430 0 854 2 97.9459 82.0541
491 1430 0 855 2 105.284 74.7156
493 1430 0 857 2 80.2332 99.7668
499 1430 0 866 2 91.2485 88.7515
501 1430 0 872 2 97.828 82.172
502 1430 0 874 2 117.38 62.6199
503 1430 0 875 2 96.4194 83.5806
505 1430 0 878 2 113.444 66.5565
508 1430 0 887 2 105.066 74.9341
509 1430 0 889 2 79.2301 100.77
510 1430 0 893 2 73.1351 106.865
514 1430 0 902 2 60.0868 119.913
525 1430 0 915 2 94.3452 85.6548
526 1430 0 916 2 84.6479 95.3521
528 1430 0 918 2 87.1395 92.8605
530 1430 0 927 2 91.151 88.849
531 1430 0 928 2 63.093 116.907
536 1430 0 935 2 117.105 62.8954
537 1430 0 936 2 67.6322 112.368
538 1430 0 938 2 86.3175 93.6825
539 1430 0 939 2 60.4371 119.563
540 1430 0 940 2 86.9819 93.0181
542 1430 0 944 2 73.5624 106.438
545 1430 0 948 2 94.6574 85.3426
547 1430 0 950 2 87.3362 92.6638
548 1430 0 951 2 105.189 74.8107
550 1430 0 953 2 61.5987 118.401
551 1430 0 955 2 64.6441 115.356
553 1430 0 958 2 103.398 103.398
556 1430 0 963 2 84.5006 95.4994
557 1430 0 966 2 62.3296 117.67
558 1430 0 969 2 102.965 77.0347
559 1430 0 970 2 79.0416 100.958
560 1430 0 972 2 100.149 79.8513
561 1430 0 973 2 97.256 82.744
563 1430 0 979 2 74.8113 105.189
564 1430 0 980 2 81.4651 98.5349
567 1430 0 987 2 97.4554 82.5446
568 1430 0 990 2 64.2447 115.755
570 1430 0 992 2 109.295 70.7049
576 1430 0 1007 2 53.8068 53.8068
578 1430 0 1012 2 81.8072 98.1928
579 1430 0 1013 2 88.6141 91.3859
580 1430 0 1015 2 111.493 68.5066
582 1430 0 1025 2 85.7005 94.2995
585 1430 0 1029 2 94.9657 85.0343
587 1430 0 1031 2 58.7523 121.248
589 1430 0 1036 2 92.5803 87.4197
593 1430 0 1040 2 91.6172 88.3828
594 1430 0 1041 2 113.203 66.797
595 1430 0 1042 2 110.435 69.5649
596 1430 0 1043 2 105.39 74.6102
599 1430 0 1048 2 61.1817 118.818
600 1430 0 1049 2 114.492 65.5082
602 1430 0 1053 2 119.812 60.1879
603 1430 0 1054 2 96.065 83.935
606 1430 0 1058 2 67.2701 112.73
608 1430 0 1060 2 79.0159 100.984
609 1430 0 1061 2 112.581 67.4187
614 1430 0 1069 2 81.2757 98.7243
615 1430 0 1070 2 74.5883 105.412
616 1430 0 1072 2 73.5449 106.455
618 1430 0 1075 2 107.376 72.6241
619 1430 0 1076 2 81.286 98.714
625 1430 0 1083 2 68.3703 111.63
628 1430 0 1089 2 115.44 64.5598
630 1430 0 1094 2 64.8837 115.116
633 1430 0 1100 2 87.9332 92.0668
634 1430 0 1101 2 117.966 62.0341
636 1430 0 1107 2 65.9903 114.01
641 1430 0 1113 2 74.1624 105.838
647 1430 0 1120 2 87.9897 92.0103
648 1430 0 1121 2 120.508 59.4915
649 1430 0 1123 2 83.0104 96.9896
654 1430 0 1136 2 63.0704 116.93
655 1430 0 1138 2 74.128 105.872
658 1430 0 1152 2 77.803 102.197
659 1430 0 1153 2 69.2642 110.736
660 1430 0 1155 2 94.8582 85.1418
662 1430 0 1159 2 93.568 86.432
668 1430 0 1167 2 60.6352 119.365
671 1430 0 1175 2 71.5514 108.449
675 1430 0 1182 2 68.7842 111.216
676 1430 0 1183 2 77.2513 102.749
677 1430 0 1184 2 116.124 63.8759
679 1430 0 1186 2 99.5247 80.4753
682 1430 0 1193 2 89.2601 90.7399
683 1430 0 1194 2 61.5162 118.484
687 1430 0 1201 2 81.0168 98.9832
688 1430 0 1202 2 63.6526 116.347
689 1430 0 1204 2 77.6521 102.348
690 1430 0 1205 2 109.264 70.7357
691 1430 0 1207 2 100.68 79.3196
692 1430 0 1208 2 83.0951 96.9049
694 1430 0 1211 2 64.434 115.566
696 1430 0 1213 2 62.7218 117.278
697 1430 0 1214 2 68.0843 111.916
698 1430 0 1217 2 74.4848 105.515
699 1430 0 1218 2 85.067 94.933
700 1430 0 1219 2 93.8721 86.1279
702 1430 0 1224 2 76.4027 103.597
707 1430 0 1230 2 83.1139 96.8861
712 1430 0 1237 2 61.9006 118.099
714 1430 0 1239 2 115.516 64.4842
720 1430 0 1246 2 110.851 69.1492
723 1430 0 1251 2 118.564 61.436
724 1430 0 1253 2 121.658 58.3422
725 1430 0 1254 2 62.9574 117.043
726 1430 0 1255 2 73.6141 106.386
727 1430 0 1257 2 97.3155 82.6845
735 1430 0 1269 2 117.399 62.601
737 1430 0 1272 2 103.708 76.2916
742 1430 0 1277 2 121.918 58.0824
746 1430 0 1283 2 66.8066 113.193
747 1430 0 1285 2 92.7434 87.2566
750 1430 0 1289 2 93.2121 86.7879
751 1430 0 1292 2 84.2492 95.7508
753 1430 0 1296 2 61.8233 118.177
760 1430 0 1311 2 62.7142 117.286
763 1430 0 1314 2 92.3675 87.6325
765 1430 0 1316 2 58.9515 121.049
766 1430 0 1317 2 100.678 79.322
767 1430 0 1319 2 102.218 77.7817
769 1430 0 1322 2 85.6964 94.3036
770 1430 0 1323 2 107.99 72.0101
771 1430 0 1325 2 96.9248 83.0752
774 1430 0 1330 2 95.8739 84.1261
777 1430 0 1336 2 92.9556 87.0444
783 1430 0 1350 2 61.4007 118.599
788 1430 0 1357 2 105.286 74.714
789 1430 0 1358 2 96.7158 83.2842
790 1430 0 1361 2 84.3151 95.6849
791 1430 0 1362 2 100.506 79.4938
796 1430 0 1369 2 99.5926 80.4074
797 1430 0 1370 2 89.9103 90.0897
798 1430 0 1372 2 103.372 76.6276
800 1430 0 1374 2 84.4287 95.5713
806 1430 0 1386 2 66.5767 113.423
809 1430 0 1390 2 69.7745 110.226
817 1430 0 1401 2 76.8655 103.135
820 1430 0 1404 2 71.3593 108.641
821 1430 0 1407 2 104.976 75.0242
822 1430 0 1409 2 122.416 57.5838
828 1430 0 1420 2 98.7758 81.2242
829 1430 0 1422 2 106.498 73.5019
833 1430 0 1429 2 80.3889 99.6111
839 1430 0 1437 2 79.7472 100.253
842 1430 0 1440 2 117.277 62.7227
845 1430 0 1444 2 87.7619 92.2381
846 1430 0 1445 2 74.4634 105.537
847 1430 0 1446 2 95.9604 84.0396
849 1430 0 1449 2 92.81 87.19
850 1430 0 1451 2 72.5679 107.432
854 1430 0 1456 2 70.3848 109.615
857 1430 0 1461 2 109.49 70.5096
858 1430 0 1462 2 87.7543 92.2457
862 1430 0 1467 2 106.13 73.8699
863 1430 0 1468 2 106.955 73.0452
865 1430 0 1470 2 68.2035 111.796
866 1430 0 1471 2 93.4719 86.5281
872 1430 0 1480 2 113.195 66.8046
877 1430 0 1489 2 115.609 64.391
879 1430 0 1495 2 91.7958 88.2042
880 1430 0 1497 2 70.6776 109.322
884 1430 0 1508 2 90.4509 89.5491
885 1430 0 1510 2 92.7291 87.2709
886 1430 0 1511 2 85.1791 94.8209
889 1430 0 1516 2 88.9459 91.0541
893 1430 0 1523 2 81.8474 98.1526
896 1430 0 1535 2 68.123 111.877
898 1430 0 1538 2 103.962 76.0379
901 1430 0 1544 2 64.6328 115.367
902 1430 0 1545 2 78.9755 101.024
905 1430 0 1548 2 105.207 74.7933
906 1430 0 1549 2 75.9884 104.012
907 1430 0 1550 2 95.16 84.84
908 1430 0 1551 2 82.0458 97.9542
910 1430 0 1553 2 100.395 79.6052
917 1430 0 1570 2 98.0261 81.9739
918 1430 0 1571 2 95.1228 84.8772
919 1430 0 1572 2 109.285 70.7148
920 1430 0 1573 2 86.8871 93.1129
921 1430 0 1577 2 114.691 65.309
923 1430 0 1579 2 95.8626 84.1374
924 1430 0 1581 2 90.764 89.236
925 1430 0 1582 2 93.8285 86.1715
926 1430 0 1585 2 74.5457 105.454
933 1430 0 1602 2 102.663 77.3375
938 1430 0 1610 2 84.7302 95.2698
939 1430 0 1612 2 98.0083 81.9917
941 1430 0 1615 2 84.9524 95.0476
950 1430 0 1642 2 80.568 99.432
960 1430 0 1665 2 90.4791 89.5209
962 1430 0 1668 2 60.2556 119.744
965 1430 0 1674 2 108.433 71.5666
966 1430 0 1675 2 102.188 77.8123
968 1430 0 1678 2 65.8718 114.128
969 1430 0 1679 2 73.5405 106.46
970 1430 0 1681 2 103.006 76.9936
971 1430 0 1683 2 84.9446 95.0554
972 1430 0 1685 2 91.6458 88.3542
973 1430 0 1686 2 62.5041 117.496
976 1430 0 1692 2 82.0999 97.9001
977 1430 0 1693 2 85.8001 94.1999
985 1430 0 1706 2 66.9024 113.098
986 1430 0 1707 2 117.171 62.8291
988 1430 0 1714 2 107.766 72.2337
989 1430 0 1715 2 49.4421 49.4421
990 1430 0 1716 2 109.186 70.8136
994 1430 0 1723 2 92.6149 87.3851
997 1430 0 1726 2 106.284 73.7158
998 1430 0 1728 2 115.447 64.5535
1000 1430 0 1738 2 107.584 72.4164
1003 1430 0 1742 2 106.594 73.4062
1004 1430 0 1743 2 60.8946 119.105
1006 1430 0 1746 2 73.0217 106.978
1008 1430 0 1749 2 106.534 73.4659
1015 1430 0 1759 2 103.506 76.4941
1017 1430 0 1761 2 64.8277 115.172
1019 1430 0 1764 2 61.9021 118.098
1022 1430 0 1771 2 113.103 66.8968
1030 1430 0 1784 2 66.0624 113.938
1031 1430 0 1788 2 110.514 69.4856
1039 1430 0 1812 2 78.7877 101.212
1042 1430 0 1815 2 73.3626 106.637
1044 1430 0 1817 2 103.232 76.768
1046 1430 0 1822 2 101.013 78.9868
1047 1430 0 1823 2 96.0249 83.9751
1048 1430 0 1825 2 103.161 76.8387
1051 1430 0 1831 2 111.823 68.1767
1053 1430 0 1833 2 58.3931 121.607
1058 1430 0 1841 2 83.1463 96.8537
1059 1430 0 1842 2 106.751 73.2485
1060 1430 0 1844 2 88.5132 91.4868
1061 1430 0 1846 2 112.959 67.0408
1063 1430 0 1848 2 95.8487 84.1513
1064 1430 0 1849 2 103.793 76.2066
1067 1430 0 1853 2 111.391 68.6088
1069 1430 0 1859 2 96.2805 83.7195
1073 1430 0 1866 2 84.3907 95.6093
1076 1430 0 1873 2 79.1856 100.814
1077 1430 0 1875 2 61.1192 118.881
1080 1430 0 1879 2 92.2636 87.7364
1087 1430 0 1892 2 83.3835 96.6165
1091 1430 0 1899 2 89.1557 90.8443
1097 1430 0 1909 2 81.0314 98.9686
1098 1430 0 1911 2 101.379 78.6205
1101 1430 0 1916 2 79.9965 100.004
1104 1430 0 1924 2 83.8535 96.1465
1105 1430 0 1928 2 62.2541 117.746
1107 1430 0 1930 2 100.964 79.0364
1108 1430 0 1933 2 88.5965 91.4035
1111 1430 0 1939 2 111 69
1112 1430 0 1942 2 73.7077 106.292
1114 1430 0 1944 2 68.0238 111.976
1122 1430 0 1956 2 73.0281 106.972
1123 1430 0 1957 2 73.5439 106.456
1125 1430 0 1959 2 96.3864 83.6136
1126 1430 0 1960 2 113.16 66.8402
1129 1430 0 1967 2 64.9804 115.02
1130 1430 0 1970 2 60.5962 119.404
1131 1430 0 1971 2 86.6807 93.3193
1133 1430 0 1976 2 111.385 68.6146
1134 1430 0 1977 2 64.0645 115.936
1136 1430 0 1979 2 107.809 72.1912
1139 1430 0 1987 2 79.7533 100.247
1143 1430 0 1996 2 110.131 69.8686
1146 1430 0 2002 2 62.155 117.845
1147 1430 0 2003 2 73.253 106.747
1150 1430 0 2009 2 103.415 76.5855
1151 1430 0 2010 2 99.446 80.554
1152 1430 0 2015 2 109.043 70.9566
1157 1430 0 2024 2 67.028 112.972
1158 1430 0 2028 2 98.3912 81.6088
1160 1430 0 2031 2 62.7402 117.26
1161 1430 0 2034 2 74.2683 105.732
1163 1430 0 2041 2 100.331 79.6686
1165 1430 0 2043 2 61.87 118.13
1168 1430 0 2050 2 69.8691 110.131
1169 1430 0 2051 2 110.415 69.5851
1175 1430 0 2059 2 113.869 66.1308
1176 1430 0 2060 2 99.7632 80.2368
1177 1430 0 2062 2 95.2762 84.7238
1182 1430 0 2067 2 113.507 66.4933
1186 1430 0 2075 2 108.675 71.3253
1189 1430 0 2078 2 72.3719 107.628
1190 1430 0 2082 2 91.4287 88.5713
1193 1430 0 2085 2 96.5391 83.4609
1195 1430 0 2087 2 76.4494 103.551
1199 1430 0 2094 2 116.697 63.303
1201 1430 0 2098 2 87.9495 92.0505
1202 1430 0 2100 2 101.401 78.5987
1203 1430 0 2108 2 86.4172 93.5828
1207 1430 0 2117 2 101.565 78.4354
1212 1430 0 2126 2 94.5663 85.4337
1214 1430 0 2130 2 85.879 94.121
1215 1430 0 2132 2 92.8649 87.1351
1217 1430 0 2140 2 95.9793 84.0207
1218 1430 0 2141 2 59.1167 120.883
1220 1430 0 2145 2 62.6061 117.394
1222 1430 0 2148 2 92.1169 87.8831
1223 1430 0 2149 2 65.5921 114.408
1224 1430 0 2151 2 67.0289 112.971
1228 1430 0 2157 2 118.866 61.1337
1229 1430 0 2159 2 110.062 69.9379
1231 1430 0 2162 2 77.643 102.357
1234 1430 0 2167 2 80.9828 99.0172
1236 1430 0 2169 2 100.364 79.6356
1237 1430 0 2170 2 97.7525 82.2475
1239 1430 0 2175 2 111.407 68.5933
1241 1430 0 2178 2 82.3712 97.6288
1244 1430 0 2184 2 65.5255 114.475
1247 1430 0 2187 2 87.6108 92.3892
1250 1430 0 2197 2 69.4312 110.569
1252 1430 0 2200 2 105.715 74.2849
1254 1430 0 2202 2 78.7757 101.224
1256 1430 0 2205 2 114.533 65.467
1258 1430 0 2208 2 86.9878 93.0122
1259 1430 0 2209 2 92.5677 87.4323
1260 1430 0 2210 2 105.939 74.0606
1261 1430 0 2211 2 110.614 69.386
1262 1430 0 2213 2 96.8317 83.1683
1264 1430 0 2218 2 102.488 77.5117
1265 1430 0 2219 2 112.225 67.7749
1267 1430 0 2221 2 115.681 64.3195
1268 1430 0 2223 2 119.668 60.3324
1269 1430 0 2226 2 79.59 100.41
1270 1430 0 2227 2 84.541 95.459
1273 1430 0 2230 2 67.8191 112.181
1275 1430 0 2239 2 113.47 66.5296
1278 1430 0 2246 2 73.3873 106.613
1281 1430 0 2250 2 115.933 64.0665
1282 1430 0 2251 2 117.37 62.6296
1283 1430 0 2254 2 113.232 66.7679
1284 1430 0 2255 2 72.27 107.73
1289 1430 0 2269 2 74.0633 105.937
1294 1430 0 2277 2 79.2503 100.75
1296 1430 0 2282 2 85.0532 94.9468
1300 1430 0 2288 2 105.98 74.0204
1301 1430 0 2290 2 100.75 79.2502
1308 1430 0 2308 2 69.5383 110.462
1309 1430 0 2310 2 69.8452 110.155
1310 1430 0 2311 2 98.5758 81.4242
1313 1430 0 2316 2 69.8796 110.12
1314 1430 0 2317 2 98.2333 81.7667
1315 1430 0 2319 2 87.7575 92.2425
1316 1430 0 2321 2 112.533 67.4667
1320 1430 0 2325 2 107.838 72.1617
1327 1430 0 2336 2 99.5774 80.4226
1328 1430 0 2337 2 99.9684 80.0316
1330 1430 0 2339 2 69.5132 110.487
1334 1430 0 2345 2 89.7591 90.2409
1338 1430 0 2350 2 64.0633 115.937
1340 1430 0 2353 2 69.3159 110.684
1346 1430 0 2369 2 116.816 63.1837
1347 1430 0 2370 2 93.0909 86.9091
1350 1430 0 2373 2 95.2663 84.7337
1354 1430 0 2378 2 70.9441 109.056
1358 1430 0 2383 2 100.99 79.0097
1368 1430 0 2401 2 120.86 59.1395
1369 1430 0 2402 2 96.3532 83.6468
1370 1430 0 2405 2 65.4565 114.543
1371 1430 0 2407 2 85.4614 94.5386
1372 1430 0 2409 2 91.9845 88.0155
1373 1430 0 2412 2 94.5228 85.4772
1375 1430 0 2416 2 72.198 107.802
1378 1430 0 2420 2 68.1278 111.872
1379 1430 0 2425 2 111.53 68.4697
1380 1430 0 2426 2 73.4164 106.584
1381 1430 0 2428 2 112.603 67.397
1383 1430 0 2432 2 114.725 65.2753
1384 1430 0 2433 2 81.1591 98.8409
1393 1430 0 2444 2 111.654 68.3465
1394 1430 0 2446 2 72.6627 107.337
1395 1430 0 2447 2 95.3691 84.6309
1397 1430 0 2449 2 61.8258 118.174
1398 1430 0 2453 2 58.6369 121.363
1402 1430 0 2462 2 102.261 77.7387
1403 1430 0 2463 2 102.269 77.7313
1404 1430 0 2464 2 102.636 77.3639
1405 1430 0 2465 2 100.968 79.0318
1406 1430 0 2466 2 88.578 91.422
1410 1430 0 2472 2 93.526 86.474
1412 1430 0 2476 2 71.814 108.186
1413 1430 0 2479 2 92.821 87.179
1415 1430 0 2483 2 70.3236 109.676
1416 1430 0 2484 2 112.223 67.7773
1417 1430 0 2485 2 122.105 57.8954
1418 1430 0 2486 2 83.7362 96.2638
1421 1430 0 2492 2 69.2069 110.793
1422 1430 0 2494 2 68.1082 111.892
1426 1430 0 2505 2 117.741 62.2594
1427 1430 0 2506 2 73.1579 106.842
1430 1430 0 2511 2 105.267 74.7331
1431 1430 0 2512 2 63.2405 116.759
1437 1430 0 2523 2 98.2011 81.7989
1443 1430 0 2536 2 85.7283 94.2717
1446 1430 0 2539 2 87.7194 92.2806
1451 1430 0 2547 2 88.3895 91.6105
1453 1430 0 2553 2 123.885 56.1148
1454 1430 0 2554 2 99.2557 80.7443
1455 1430 0 2555 2 113.214 66.7863
1458 1430 0 2559 2 71.8349 108.165
1459 1430 0 2560 2 62.2155 117.785
1460 1430 0 2561 2 67.7473 112.253
1461 1430 0 2562 2 98.8267 81.1733
1462 1430 0 2563 2 85.7884 94.2116
1464 1430 0 2566 2 93.5421 86.4579
1466 1430 0 2569 2 104.591 75.4094
1469 1430 0 2573 2 70.375 109.625
1472 1430 0 2578 2 105.928 74.0715
1474 1430 0 2582 2 60.5408 119.459
1476 1430 0 2586 2 69.8137 110.186
1480 1430 0 2593 2 58.6628 121.337
1484 1430 0 2597 2 83.0006 96.9994
1487 1430 0 2600 2 84.5891 95.4109
1491 1430 0 2605 2 75.4966 104.503
1494 1430 0 2609 2 64.7843 115.216
1496 1430 0 2613 2 69.019 110.981
1497 1430 0 2615 2 110.092 69.9078
1499 1430 0 2618 2 79.145 100.855
1503 1430 0 2622 2 83.4774 96.5226
1507 1430 0 2628 2 95.9786 84.0214
1510 1430 0 2633 2 115.345 64.6552
1512 1430 0 2635 2 79.6618 100.338
1513 1430 0 2636 2 99.3203 80.6797
1514 1430 0 2637 2 106.567 73.433
1517 1430 0 2643 2 116.748 63.2518
1518 1430 0 2644 2 94.9897 85.0103
1521 1430 0 2652 2 87.6348 92.3652
1522 1430 0 2653 2 104.205 75.7948
1524 1430 0 2659 2 103.806 76.1943
1526 1430 0 2661 2 68.4117 111.588
1527 1430 0 2664 2 109.07 70.9298
1528 1430 0 2669 2 87.5186 92.4814
1529 1430 0 2670 2 110.067 69.9325
1530 1430 0 2673 2 107.773 72.2271
1534 1430 0 2682 2 109.091 70.9089
1535 1430 0 2683 2 88.6223 91.3777
1536 1430 0 2684 2 83.4882 96.5118
1537 1430 0 2685 2 112.537 67.4628
1538 1430 0 2688 2 69.6839 110.316
1539 1430 0 2689 2 84.8723 95.1277
1542 1430 0 2696 2 92.5922 87.4078
1545 1430 0 2699 2 93.5525 86.4475
1547 1430 0 2702 2 105.754 74.2458
1548 1430 0 2705 2 106.584 73.4164
1551 1430 0 2708 2 104.975 75.0252
1552 1430 0 2709 2 106.386 73.6145
1558 1430 0 2719 2 86.0302 93.9698
1560 1430 0 2721 2 65.5672 114.433
1563 1430 0 2724 2 87.0365 92.9635
1564 1430 0 2727 2 77.7175 102.282
1565 1430 0 2728 2 81.289 98.711
1566 1430 0 2731 2 98.3535 81.6465
1568 1430 0 2734 2 112.713 67.2872
1571 1430 0 2737 2 85.9525 94.0475
1572 1430 0 2738 2 77.2239 102.776
1573 1430 0 2740 2 68.3869 111.613
1575 1430 0 2742 2 115.754 64.2457
1576 1430 0 2745 2 110.277 69.7229
1577 1430 0 2747 2 81.1918 98.8082
1579 1430 0 2751 2 115.429 64.5713
1580 1430 0 2752 2 89.0387 90.9613
1584 1430 0 2761 2 61.5237 118.476
1585 1430 0 2762 2 110.457 69.5434
1587 1430 0 2765 2 120.684 59.3165
1589 1430 0 2768 2 84.6772 95.3228
1592 1430 0 2776 2 80.5869 99.4131
1593 1430 0 2777 2 86.4417 93.5583
1598 1430 0 2786 2 84.005 95.995
1599 1430 0 2788 2 101.089 78.9111
1602 1430 0 2792 2 84.637 95.363
1603 1430 0 2794 2 105.921 74.0788
1604 1430 0 2796 2 73.4479 106.552
1608 1430 0 2805 2 96.4528 83.5472
1609 1430 0 2806 2 108.508 71.4919
1610 1430 0 2807 2 68.585 111.415
1611 1430 0 2808 2 102.432 77.5683
1613 1430 0 2810 2 118.57 61.4298
1615 1430 0 2815 2 115.346 64.6543
1616 1430 0 2817 2 112.644 67.3557
1617 1430 0 2822 2 101.665 78.3352
1620 1430 0 2825 2 101.594 78.4059
1621 1430 0 2826 2 81.5762 98.4238
1624 1430 0 2829 2 81.0094 98.9906
1628 1430 0 2834 2 74.4935 105.506
1629 1430 0 2836 2 90.4963 89.5037
1632 1430 0 2843 2 78.6028 101.397
1636 1430 0 2850 2 84.2354 95.7646
1638 1430 0 2853 2 64.6109 115.389
1640 1430 0 2856 2 111.345 68.6546
1641 1430 0 2858 2 87.312 92.688
1644 1430 0 2862 2 91.6698 88.3302
1653 1430 0 2880 2 100.159 79.8407
1654 1430 0 2881 2 75.9583 104.042
1655 1430 0 2882 2 87.7559 92.2441
1657 1430 0 2886 2 98.976 81.024
1658 1430 0 2887 2 66.0226 113.977
1659 1430 0 2888 2 84.197 95.803
1660 1430 0 2892 2 109.496 70.5045
1663 1430 0 2896 2 95.0106 84.9894
1664 1430 0 2897 2 63.2208 116.779
1666 1430 0 2902 2 95.0116 84.9884
1668 1430 0 2905 2 74.3574 105.643
1670 1430 0 2908 2 100.047 79.9535
1675 1430 0 2917 2 75.3141 104.686
1679 1430 0 2928 2 112.063 67.9372
1682 1430 0 2933 2 99.1186 80.8814
1686 1430 0 2940 2 118.021 61.9794
1687 1430 0 2944 2 69.7262 110.274
1695 1430 0 2957 2 66.2103 113.79
1696 1430 0 2961 2 65.9376 114.062
1699 1430 0 2967 2 115.155 64.845
1700 1430 0 2969 2 102.593 77.4072
1701 1430 0 2970 2 67.6092 112.391
1703 1430 0 2973 2 97.2722 82.7278
1705 1430 0 2976 2 112.863 67.1366
1709 1430 0 2985 2 80.9354 99.0646
1713 1430 0 2990 2 70.6486 109.351
1714 1430 0 2992 2 81.6075 98.3925
1715 1430 0 2994 2 103.481 76.5186
1717 1430 0 2996 2 117.667 62.3332
1719 1430 0 2998 2 82.714 97.286
1725 1430 0 3006 2 111.955 68.0449
1727 1430 0 3013 2 104.632 75.368
1728 1430 0 3014 2 85.3525 94.6475
1733 1430 0 3023 2 79.3379 100.662
1734 1430 0 3025 2 98.6117 81.3883
1736 1430 0 3028 2 103.791 76.209
1738 1430 0 3031 2 77.602 102.398
1739 1430 0 3034 2 61.0579 118.942
1743 1430 0 3038 2 110.66 69.34
1744 1430 0 3041 2 105.494 74.5062
1746 1430 0 3044 2 67.4241 112.576
1752 1430 0 3060 2 107.871 72.1289
1754 1430 0 3062 2 101.735 78.2645
1756 1430 0 3066 2 63.0924 116.908
1757 1430 0 3067 2 78.5835 101.416
1759 1430 0 3071 2 75.7184 104.282
1762 1430 0 3077 2 121.462 58.538
1763 1430 0 3078 2 114.26 65.7398
1765 1430 0 3081 2 75.6892 104.311
1766 1430 0 3082 2 110.027 69.9732
1775 1430 0 3096 2 112.28 67.7202
1777 1430 0 3099 2 83.7761 96.2239
1781 1430 0 3105 2 92.3135 87.6865
1783 1430 0 3108 2 100.718 79.2824
1785 1430 0 3112 2 85.0574 94.9426
1791 1430 0 3122 2 114.427 65.5732
1792 1430 0 3124 2 64.4746 115.525
1795 1430 0 3129 2 71.7556 108.244
1797 1430 0 3132 2 88.7149 91.2851
1812 1430 0 3163 2 79.8605 100.139
1815 1430 0 3168 2 103.489 76.5112
1817 1430 0 3172 2 59.9461 120.054
1818 1430 0 3173 2 64.7069 115.293
1819 1430 0 3176 2 108.334 71.6656
1820 1430 0 3177 2 82.2279 97.7721
1823 1430 0 3183 2 81.4948 98.5052
1824 1430 0 3184 2 71.0316 108.968
1826 1430 0 3196 2 89.5408 90.4592
1833 1430 0 3210 2 117.871 62.1286
1834 1430 0 3213 2 83.1903 54.5466
1836 1430 0 3216 2 111.56 68.4403
1837 1430 0 3217 2 69.6484 110.352
1839 1430 0 3223 2 102.914 77.0861
1841 1430 0 3225 2 94.9604 85.0396
1842 1430 0 3226 2 73.1702 106.83
1843 1430 0 3229 2 83.9959 96.0041
1845 1430 0 3234 2 102.196 77.804
1846 1430 0 3236 2 91.1964 88.8036
1849 1430 0 3239 2 106.271 73.7287
1855 1430 0 3245 2 94.9761 85.0239
1856 1430 0 3246 2 84.6338 95.3662
1858 1430 0 3249 2 109.072 70.9278
1859 1430 0 3250 2 89.9109 90.0891
1861 1430 0 3254 2 85.4948 94.5052
1862 1430 0 3255 2 75.1867 104.813
1863 1430 0 3257 2 54.0829 125.917
1864 1430 0 3259 2 93.2409 86.7591
1870 1430 0 3271 2 72.4693 107.531
1871 1430 0 3274 2 73.7575 106.243
1872 1430 0 3275 2 108.389 71.6111
1873 1430 0 3277 2 105.94 74.0596
1875 1430 0 3279 2 119.23 60.7698
1876 1430 0 3280 2 66.4341 113.566
1877 1430 0 3281 2 77.1659 102.834
1878 1430 0 3282 2 83.2626 96.7374
1880 1430 0 3286 2 109.108 70.8924
1881 1430 0 3287 2 93.1613 86.8387
1884 1430 0 3291 2 108.283 71.7173
1885 1430 0 3294 2 97.7223 82.2777
1886 1430 0 3298 2 76.0919 103.908
1888 1430 0 3301 2 116.369 63.6311
1890 1430 0 3303 2 81.3356 98.6644
1892 1430 0 3308 2 109.336 70.6641
1893 1430 0 3310 2 93.5008 86.4992
1898 1430 0 3321 2 74.7164 105.284
1901 1430 0 3324 2 98.5965 81.4035
1903 1430 0 3329 2 107.022 72.978
1904 1430 0 3330 2 111.656 68.3445
1906 1430 0 3332 2 103.746 76.2539
1908 1430 0 3334 2 75.6981 104.302
1910 1430 0 3336 2 106.706 73.2943
1915 1430 0 3345 2 99.6573 80.3427
1918 1430 0 3350 2 122.252 57.7482
1921 1430 0 3353 2 87.5592 92.4408
1923 1430 0 3355 2 78.9201 101.08
1925 1430 0 3357 2 119.676 60.3239
1930 1430 0 3364 2 113.139 66.8608
1932 1430 0 3370 2 63.4204 116.58
1933 1430 0 3372 2 113.836 66.1642
1936 1430 0 3376 2 75.1276 104.872
1937 1430 0 3380 2 77.8261 102.174
1938 1430 0 3381 2 106.6 73.4001
1939 1430 0 3382 2 68.1478 111.852
1943 1430 0 3389 2 71.0986 108.901
1947 1430 0 3394 2 120.656 59.3444
1949 1430 0 3396 2 81.3253 98.6747
1951 1430 0 3401 2 96.8231 83.1769
1952 1430 0 3402 2 85.9373 94.0627
1956 1430 0 3412 2 63.3479 116.652
1958 1430 0 3417 2 112.016 67.9841
1960 1430 0 3419 2 72.9298 107.07
1963 1430 0 3426 2 100.042 79.9584
1965 1430 0 3428 2 56.7944 123.206
1966 1430 0 3429 2 61.7175 118.283
1967 1430 0 3430 2 67.5809 112.419
1968 1430 0 3431 2 75.0217 104.978
1974 1430 0 3440 2 69.9083 110.092
1977 1430 0 3446 2 115.999 64.0013
1978 1430 0 3447 2 79.0223 100.978
1979 1430 0 3448 2 89.1564 90.8436
1981 1430 0 3451 2 87.6413 92.3587
1983 1430 0 3453 2 120.961 59.0387
1985 1430 0 3458 2 102.106 77.894
1988 1430 0 3462 2 64.9037 115.096
1989 1430 0 3463 2 101.586 78.4141
1992 1430 0 3466 2 96.8276 83.1724
1994 1430 0 3469 2 76.9051 103.095
1997 1430 0 3474 2 69.8629 110.137
1998 1430 0 3477 2 65.182 114.818
2000 1430 0 3483 2 117.604 62.3962
2005 1430 0 3488 2 121.834 58.1661
2006 1430 0 3489 2 69.1276 110.872
2008 1430 0 3495 2 84.1097 95.8903
2009 1430 0 3496 2 105.641 74.3587
2012 1430 0 3499 2 92.7093 87.2907
2014 1430 0 3502 2 101.015 78.9853
2015 1430 0 3503 2 68.717 111.283
2023 1430 0 3518 2 66.2032 113.797
2026 1430 0 3523 2 87.1137 92.8863
2030 1430 0 3537 2 93.8358 86.1642
2033 1430 0 3544 2 102.118 77.882
2036 1430 0 3549 2 96.1945 83.8055
2044 1430 0 3565 2 73.1193 106.881
2049 1430 0 3575 2 119.699 60.3008
2051 1430 0 3578 2 106.7 73.3004
2056 1430 0 3584 2 87.7195 92.2805
2059 1430 0 3587 2 102.509 77.491
2062 1430 0 3592 2 111.318 68.6816
2064 1430 0 3596 2 87.9692 92.0308
2068 1430 0 3602 2 93.6227 86.3773
2070 1430 0 3605 2 119.909 60.0911
2071 1430 0 3606 2 71.6182 108.382
2074 1430 0 3614 2 114.761 65.2393
2081 1430 0 3624 2 68.1513 111.849
2084 1430 0 3628 2 77.8633 102.137
2085 1430 0 3629 2 74.1613 105.839
2088 1430 0 3636 2 86.2484 93.7516
2094 1430 0 3644 2 82.847 97.153
2095 1430 0 3645 2 104.26 75.7402
2096 1430 0 3647 2 102.017 77.983
2097 1430 0 3653 2 101.436 78.5643
2099 1430 0 3658 2 96.3043 83.6957
2100 1430 0 3664 2 84.7156 95.2844
2101 1430 0 3668 2 98.4042 81.5958
2103 1430 0 3674 2 113.782 66.2182
2104 1430 0 3675 2 113.961 66.0386
2105 1430 0 3677 2 61.7868 118.213
2110 1430 0 3684 2 80.8509 99.1491
2111 1430 0 3686 2 105.948 74.0523
2113 1430 0 3692 2 69.7241 110.276
2116 1430 0 3697 2 83.4079 96.5921
2117 1430 0 3698 2 113.433 66.5675
2119 1430 0 3700 2 74.5822 105.418
2120 1430 0 3701 2 112.856 67.1436
2121 1430 0 3707 2 103.75 76.25
2127 1430 0 3714 2 79.9053 100.095
2137 1430 0 3730 2 66.593 113.407
2140 1430 0 3736 2 73.6678 106.332
2144 1430 0 3743 2 62.8086 117.191
2148 1430 0 3749 2 106.563 73.4366
2150 1430 0 3752 2 82.6525 97.3475
2153 1430 0 3755 2 103.504 76.4958
2155 1430 0 3757 2 75.4976 104.502
2161 1430 0 3766 2 81.7965 98.2035
2165 1430 0 3773 2 115.614 64.3863
2167 1430 0 3775 2 56.9336 123.066
2168 1430 0 3776 2 78.1182 101.882
2170 1430 0 3780 2 64.084 115.916
2172 1430 0 3782 2 61.5179 118.482
2173 1430 0 3784 2 69.7306 110.269
2174 1430 0 3785 2 98.9763 81.0237
2175 1430 0 3787 2 108.607 71.3928
2177 1430 0 3792 2 98.1268 81.8732
2179 1430 0 3795 2 57.0794 122.921
2180 1430 0 3797 2 124.446 55.5543
2181 1430 0 3799 2 98.3777 81.6223
2182 1430 0 3800 2 67.9788 112.021
2185 1430 0 3803 2 97.5165 82.4835
2186 1430 0 3804 2 112.737 67.2626
2187 1430 0 3806 2 102.191 77.8094
2188 1430 0 3809 2 80.0298 99.9702
2192 1430 0 3815 2 94.4309 85.5691
2197 1430 0 3828 2 100.505 79.4953
2200 1430 0 3832 2 93.247 86.753
2201 1430 0 3833 2 73.2239 106.776
2205 1430 0 3841 2 88.9973 91.0027
2207 1430 0 3843 2 89.1732 90.8268
2209 1430 0 3845 2 74.6181 105.382
2210 1430 0 3848 2 81.1706 98.8294
2211 1430 0 3850 2 89.9749 90.0251
2212 1430 0 3852 2 54.2173 125.783
2215 1430 0 3855 2 64.5469 115.453
2216 1430 0 3857 2 100.921 79.0791
2219 1430 0 3860 2 97.1169 82.8831
2220 1430 0 3861 2 69.4681 110.532
2221 1430 0 3863 2 108.227 71.7734
2223 1430 0 3867 2 95.1416 84.8584
2227 1430 0 3873 2 96.8949 83.1051
2229 1430 0 3875 2 59.2882 120.712
2233 1430 0 3882 2 105.227 74.7728
2234 1430 0 3886 2 101.382 78.6184
2235 1430 0 3887 2 98.9819 81.0181
2239 1430 0 3894 2 76.6465 103.354
2240 1430 0 3895 2 102.539 77.4611
2243 1430 0 3899 2 116.621 63.3793
2245 1430 0 3903 2 72.3044 107.696
2246 1430 0 3904 2 104.439 75.5614
2247 1430 0 3906 2 111.279 68.7208
2252 1430 0 3914 2 109.933 70.0671
2255 1430 0 3919 2 88.0868 91.9132
2257 1430 0 3923 2 72.7182 107.282
2260 1430 0 3928 2 115.483 64.5167
2261 1430 0 3929 2 85.4951 94.5049
2264 1430 0 3932 2 99.5055 80.4945
2265 1430 0 3935 2 75.9247 104.075
2266 1430 0 3937 2 68.5983 111.402
2267 1430 0 3939 2 113.776 66.2236
2268 1430 0 3940 2 121.153 58.8473
2269 1430 0 3941 2 120.869 59.1308
2272 1430 0 3945 2 62.1159 117.884
2273 1430 0 3946 2 83.3307 96.6693
2274 1430 0 3947 2 76.5409 103.459
2279 1430 0 3956 2 117.117 62.8826
2280 1430 0 3957 2 117.266 62.734
2282 1430 0 3959 2 99.6961 80.3039
2283 1430 0 3960 2 75.2575 104.742
2289 1430 0 3967 2 74.3182 105.682
2291 1430 0 3969 2 63.9154 116.085
2292 1430 0 3970 2 74.9923 105.008
2299 1430 0 3980 2 59.6353 120.365
2305 1430 0 3986 2 73.0416 106.958
2309 1430 0 3991 2 64.0116 115.988
2312 1430 0 3996 2 95.9189 84.0811
2313 1430 0 3997 2 87.039 92.961
2315 1430 0 4001 2 114.446 65.5544
2316 1430 0 4004 2 103.636 76.3635
2317 1430 0 4005 2 63.5568 116.443
2321 1430 0 4010 2 94.7797 85.2203
2322 1430 0 4014 2 113.709 66.2911
2326 1430 0 4021 2 82.4839 97.5161
2328 1430 0 4026 2 76.6813 103.319
2334 1430 0 4038 2 105.856 74.1438
2335 1430 0 4039 2 108.685 71.3145
2339 1430 0 4051 2 84.3301 95.6699
2342 1430 0 4061 2 97.5998 82.4002
2350 1430 0 4075 2 60.3203 119.68
2354 1430 0 4082 2 100.632 79.3683
2355 1430 0 4083 2 76.3855 103.615
2356 1430 0 4084 2 81.1425 98.8575
2358 1430 0 4088 2 107.813 72.187
2360 1430 0 4093 2 119.733 60.2666
2361 1430 0 4097 2 66.3975 113.602
2363 1430 0 4100 2 85.2077 94.7923
2365 1430 0 4104 2 98.4221 81.5779
2370 1430 0 4114 2 116.561 63.4392
2371 1430 0 4115 2 101.769 78.2314
2372 1430 0 4116 2 113.654 66.3455
2373 1430 0 4117 2 84.5211 95.4789
2374 1430 0 4118 2 88.005 91.995
2376 1430 0 4121 2 109.352 70.6479
2377 1430 0 4123 2 98.4418 81.5582
2378 1430 0 4124 2 90.3307 89.6693
2380 1430 0 4127 2 73.1357 106.864
2381 1430 0 4128 2 112.685 67.3152
2384 1430 0 4132 2 92.1053 87.8947
2386 1430 0 4136 2 88.6712 91.3288
2387 1430 0 4139 2 84.5731 95.4269
2388 1430 0 4141 2 88.614 91.386
2389 1430 0 4143 2 118.652 61.348
2391 1430 0 4145 2 102.627 77.3734
2394 1430 0 4151 2 64.1839 115.816
2396 1430 0 4155 2 103.591 76.4087
2402 1430 0 4164 2 85.8268 94.1732
2406 1430 0 4171 2 69.1056 110.894
2407 1430 0 4174 2 99.9816 80.0184
2410 1430 0 4181 2 77.8747 102.125
2413 1430 0 4189 2 80.8034 99.1966
2415 1430 0 4192 2 62.6874 117.313
2416 1430 0 4193 2 93.7077 86.2923
2419 1430 0 4197 2 66.5049 113.495
2423 1430 0 4203 2 72.0147 107.985
2425 1430 0 4210 2 118.595 61.4055
2428 1430 0 4218 2 69.1142 110.886
2431 1430 0 4222 2 94.6701 85.3299
2432 1430 0 4223 2 82.8839 97.1161
2433 1430 0 4224 2 113.95 66.0504
2435 1430 0 4228 2 60.6661 119.334
2437 1430 0 4231 2 71.2577 108.742
2444 1430 0 4239 2 80.0135 99.9865
2447 1430 0 4242 2 65.1722 114.828
2448 1430 0 4244 2 112.766 67.2339
2449 1430 0 4245 2 83.0742 96.9258
2450 1430 0 4246 2 115.539 64.4614
2451 1430 0 4249 2 120.404 59.5957
2452 1430 0 4250 2 83.432 96.568
2455 1430 0 4256 2 120.201 59.7986
2458 1430 0 4259 2 82.1844 97.8156
2460 1430 0 4263 2 108.564 71.4364
2461 1430 0 4270 2 116.944 63.0561
2469 1430 0 4282 2 113.361 66.6387
2470 1430 0 4284 2 83.72 96.28
2472 1430 0 4288 2 118.516 61.4844
2473 1430 0 4289 2 109.46 70.5404
2476 1430 0 4298 2 63.5074 116.493
2480 1430 0 4303 2 82.5225 97.4775
2486 1430 0 4311 2 81.1317 98.8683
2496 1430 0 4334 2 108.891 71.109
2499 1430 0 4340 2 85.6502 94.3498
2501 1430 0 4343 2 75.6686 104.331
2504 1430 0 4348 2 99.9148 80.0852
2505 1430 0 4349 2 63.7412 116.259
2509 1430 0 4353 2 63.4537 116.546
2510 1430 0 4354 2 110.667 69.3326
2513 1430 0 4362 2 108.708 71.2917
2514 1430 0 4364 2 66.8088 113.191
2519 1430 0 4373 2 117.194 62.8056
2520 1430 0 4374 2 79.5801 100.42
2522 1430 0 4379 2 89.5948 90.4052
2525 1430 0 4383 2 84.4725 95.5275
2526 1430 0 4385 2 84.5054 95.4946
2528 1430 0 4388 2 94.3673 85.6327
2529 1430 0 4389 2 94.9393 85.0607
2530 1430 0 4393 2 100.767 79.2325
2531 1430 0 4394 2 94.1796 85.8204
2534 1430 0 4398 2 64.5487 115.451
2535 1430 0 4399 2 90.0104 89.9896
2537 1430 0 4402 2 81.057 98.943
2538 1430 0 4405 2 86.8136 93.1864
2541 1430 0 4409 2 107.962 72.0376
2542 1430 0 4411 2 72.2793 107.721
2543 1430 0 4414 2 109.448 70.5522
2545 1430 0 4416 2 118.025 61.9747
2548 1430 0 4419 2 82.6042 97.3958
2553 1430 0 4432 2 82.6126 97.3874
2554 1430 0 4433 2 96.4155 83.5845
2562 1430 0 4443 2 65.1227 114.877
2564 1430 0 4445 2 105.939 74.0612
2565 1430 0 4447 2 109.408 70.5921
2568 1430 0 4455 2 79.1583 100.842
2570 1430 0 4460 2 78.694 101.306
2573 1430 0 4464 2 67.1892 112.811
2575 1430 0 4467 2 108.789 71.2115
2580 1430 0 4472 2 78.8313 101.169
2588 1430 0 4486 2 63.3082 116.692
2591 1430 0 4493 2 95.4897 84.5103
2592 1430 0 4494 2 93.9694 86.0306
2596 1430 0 4498 2 109.403 70.5968
2597 1430 0 4502 2 71.3685 108.631
2598 1430 0 4503 2 72.8431 107.157
2599 1430 0 4504 2 70.5958 109.404
2601 1430 0 4506 2 72.6134 107.387
2602 1430 0 4508 2 108.257 71.7426
2603 1430 0 4509 2 67.4138 112.586
2606 1430 0 4517 2 86.2789 93.7211
2607 1430 0 4519 2 84.5654 95.4346
2610 1430 0 4527 2 89.4879 90.5121
2614 1430 0 4531 2 74.211 105.789
2617 1430 0 4536 2 62.4792 117.521
2620 1430 0 4542 2 102.45 77.5497
2625 1430 0 4559 2 111.636 68.3644
2627 1430 0 4563 2 77.1599 102.84
2628 1430 0 4564 2 102.344 77.6558
2629 1430 0 4565 2 65.3984 114.602
2630 1430 0 4567 2 101.35 78.6503
2631 1430 0 4570 2 76.391 103.609
2634 1430 0 4575 2 114.541 65.4591
2635 1430 0 4578 2 114.633 65.367
2636 1430 0 4580 2 97.8552 82.1448
2638 1430 0 4582 2 97.5484 82.4516
2644 1430 0 4591 2 82.7432 97.2568
2645 1430 0 4595 2 107.303 72.6967
2648 1430 0 4603 2 110.741 69.2591
2649 1430 0 4604 2 105.118 74.8819
2655 1430 0 4616 2 78.6418 101.358
2657 1430 0 4621 2 109.633 70.3669
2658 1430 0 4622 2 97.6796 82.3204
2660 1430 0 4627 2 67.0073 112.993
2661 1430 0 4628 2 92.159 87.841
2662 1430 0 4629 2 64.0925 115.908
2664 1430 0 4635 2 114.861 65.1387
2665 1430 0 4636 2 94.6532 85.3468
2666 1430 0 4637 2 71.642 108.358
2669 1430 0 4645 2 64.4175 115.583
2671 1430 0 4648 2 94.7002 85.2998
2672 1430 0 4649 2 85.3187 94.6813
2673 1430 0 4651 2 74.9298 105.07
2676 1430 0 4657 2 81.399 98.601
2677 1430 0 4661 2 96.7959 83.2041
2678 1430 0 4663 2 115.85 64.1499
2679 1430 0 4666 2 106.474 73.526
2682 1430 0 4671 2 72.3861 107.614
2684 1430 0 4676 2 83.9202 96.0798
2685 1430 0 4678 2 84.4824 95.5176
2690 1430 0 4685 2 113.245 66.7552
2691 1430 0 4686 2 95.6898 84.3102
2692 1430 0 4689 2 85.0209 94.9791
2695 1430 0 4695 2 63.0698 116.93
2698 1430 0 4703 2 110.635 69.3649
2700 1430 0 4706 2 106.255 73.7447
2702 1430 0 4709 2 79.4848 100.515
2704 1430 0 4711 2 99.6826 80.3174
2705 1430 0 4715 2 99.7425 80.2575
2706 1430 0 4718 2 69.1866 110.813
2707 1430 0 4719 2 97.5253 82.4747
2708 1430 0 4720 2 82.784 97.216
2710 1430 0 4723 2 95.6228 84.3772
2715 1430 0 4731 2 86.091 93.909
2717 1430 0 4734 2 75.4299 104.57
2718 1430 0 4735 2 115.007 64.9933
2719 1430 0 4736 2 100.039 79.9605
2721 1430 0 4738 2 83.5844 96.4156
2722 1430 0 4742 2 73.8613 106.139
2723 1430 0 4743 2 99.1213 80.8787
2724 1430 0 4745 2 95.834 84.166
2729 1430 0 4758 2 114.06 65.9404
2731 1430 0 4760 2 64.0345 115.965
2732 1430 0 4762 2 71.1148 108.885
2734 1430 0 4765 2 80.3063 99.6937
2735 1430 0 4766 2 84.6371 95.3629
2739 1430 0 4771 2 88.3859 91.6141
2740 1430 0 4772 2 82.3752 97.6248
2743 1430 0 4776 2 77.5459 102.454
2745 1430 0 4778 2 73.5249 106.475
2746 1430 0 4779 2 88.075 91.925
2747 1430 0 4781 2 103.67 76.3302
2748 1430 0 4782 2 80.7222 99.2778
2751 1430 0 4788 2 113.083 66.9171
2752 1430 0 4790 2 105.604 74.3957
2755 1430 0 4795 2 71.0357 108.964
2757 1430 0 4797 2 112.017 67.9835
2758 1430 0 4798 2 75.3317 104.668
2761 1430 0 4806 2 112.694 67.3061
2765 1430 0 4812 2 99.9297 80.0703
2766 1430 0 4813 2 62.0312 117.969
2767 1430 0 4815 2 92.875 87.125
2768 1430 0 4817 2 93.5017 86.4983
2769 1430 0 4819 2 106.682 73.3178
2772 1430 0 4824 2 106.329 73.6708
2773 1430 0 4825 2 83.8176 96.1824
2776 1430 0 4831 2 82.8369 97.1631
2778 1430 0 4834 2 75.9169 104.083
2779 1430 0 4835 2 112.865 67.135
2780 1430 0 4836 2 109.132 70.8679
2783 1430 0 4842 2 105.165 74.8351
2786 1430 0 4848 2 103.168 76.832
2789 1430 0 4851 2 69.1035 110.896
2790 1430 0 4853 2 86.4557 93.5443
2792 1430 0 4856 2 85.3229 94.6771
2793 1430 0 4859 2 95.4549 84.5451
2796 1430 0 4868 2 91.5799 88.4201
2798 1430 0 4871 2 63.9888 116.011
2799 1430 0 4872 2 67.9241 112.076
2803 1430 0 4879 2 64.9498 115.05
2807 1430 0 4889 2 88.08 91.92
2808 1430 0 4890 2 109.68 70.3202
2809 1430 0 4892 2 88.9483 91.0517
2811 1430 0 4894 2 77.286 102.714
2812 1430 0 4896 2 103.9 76.0995
2813 1430 0 4897 2 112.955 67.0452
2814 1430 0 4899 2 80.1514 99.8486
2819 1430 0 4911 2 110.994 69.006
2824 1430 0 4919 2 66.2847 113.715
2827 1430 0 4924 2 93.473 86.527
2829 1430 0 4926 2 73.6668 106.333
2831 1430 0 4928 2 59.1775 120.822
2834 1430 0 4935 2 81.4413 98.5587
2836 1430 0 4937 2 99.9174 80.0826
2843 1430 0 4951 2 103.782 76.218
2846 1430 0 4956 2 106.406 73.5941
2851 1430 0 4964 2 86.1582 93.8418
2852 1430 0 4966 2 87.2312 92.7688
2854 1430 0 4969 2 113.046 66.9537
2857 1430 0 4972 2 84.3308 95.6692
2860 1430 0 4975 2 103.572 76.4279
2861 1430 0 4976 2 59.8849 120.115
2863 1430 0 4978 2 83.3257 96.6743
2864 1430 0 4980 2 103.784 76.2161
2867 1430 0 4989 2 105.278 74.7222
2869 1430 0 4995 2 97.1621 82.8379
2880 1430 0 5011 2 110.722 69.278
2883 1430 0 5015 2 112.065 67.9355
2885 1430 0 5019 2 99.013 80.987
2889 1430 0 5026 2 72.0779 107.922
2890 1430 0 5027 2 84.3099 95.6901
2891 1430 0 5028 2 113.148 66.8517
2893 1430 0 5030 2 107.463 72.5373
2895 1430 0 5032 2 62.3142 117.686
2897 1430 0 5038 2 112.186 67.8136
2900 1430 0 5042 2 73.3411 106.659
2901 1430 0 5044 2 114.157 65.8431
2902 1430 0 5046 2 68.8818 111.118
2903 1430 0 5048 2 65.9348 114.065
2911 1430 0 5063 2 68.5901 111.41
2914 1430 0 5067 2 97.5983 82.4017
2915 1430 0 5069 2 62.4144 117.586
2916 1430 0 5071 2 103.905 76.0946
2919 1430 0 5075 2 93.574 86.426
2921 1430 0 5078 2 86.7513 93.2487
2925 1430 0 5085 2 82.6268 97.3732
2927 1430 0 5089 2 85.8853 94.1147
2929 1430 0 5092 2 108.966 71.0341
2932 1430 0 5095 2 105.885 74.1154
2937 1430 0 5103 2 121.178 58.8219
2939 1430 0 5105 2 92.4174 87.5826
2945 1430 0 5118 2 97.5251 82.4749
2946 1430 0 5119 2 109.005 70.9948
2948 1430 0 5125 2 122.029 57.9711
2949 1430 0 5129 2 109.615 70.385
2951 1430 0 5131 2 68.1445 111.855
2954 1430 0 5137 2 65.8658 114.134
2955 1430 0 5138 2 95.6016 84.3984
2959 1430 0 5145 2 98.0623 81.9377
2966 1430 0 5160 2 100.787 79.2125
2968 1430 0 5162 2 82.8821 97.1179
2972 1430 0 5169 2 60.4398 119.56
2974 1430 0 5173 2 107.63 72.3701
2976 1430 0 5177 2 119.706 60.2944
2980 1430 0 5183 2 113.349 66.6508
2981 1430 0 5184 2 94.3634 85.6366
2985 1430 0 5191 2 97.6289 82.3711
2988 1430 0 5195 2 109.669 70.3313
2990 1430 0 5198 2 115.959 64.0408
2994 1430 0 5205 2 97.2888 82.7112
2995 1430 0 5207 2 57.3056 122.694
2996 1430 0 5208 2 108.469 71.5315
2997 1430 0 5210 2 113.268 66.7317
2998 1430 0 5212 2 104.116 75.8838
2999 1430 0 5213 2 75.6897 104.31
3001 1430 0 5215 2 92.9958 87.0042
3003 1430 0 5217 2 74.5948 105.405
3004 1430 0 5218 2 102.897 77.1034
3006 1430 0 5221 2 109.391 70.6091
3007 1430 0 5222 2 114.805 65.1954
3010 1430 0 5225 2 81.4038 98.5962
3011 1430 0 5227 2 84.9251 95.0749
3013 1430 0 5229 2 104.333 75.6668
3016 1430 0 5234 2 107.997 72.0031
3022 1430 0 5243 2 78.1111 101.889
3024 1430 0 5246 2 102.506 77.4943
3028 1430 0 5255 2 77.3955 102.605
3033 1430 0 5269 2 74.6519 105.348
3034 1430 0 5270 2 98.7209 81.2791
3037 1430 0 5280 2 83.8525 96.1475
3038 1430 0 5281 2 87.3236 92.6764
3042 1430 0 5287 2 119.675 60.3255
3044 1430 0 5289 2 86.5213 93.4787
3048 1430 0 5296 2 66.8876 113.112
3051 1430 0 5302 2 102.194 77.8061
3058 1430 0 5312 2 114.669 65.3306
3060 1430 0 5314 2 75.0939 104.906
3063 1430 0 5321 2 79.148 100.852
3065 1430 0 5325 2 115.045 64.955
3067 1430 0 5329 2 92.2638 87.7362
3068 1430 0 5330 2 112.889 67.1111
3069 1430 0 5332 2 70.2468 109.753
3070 1430 0 5333 2 81.0446 98.9554
3071 1430 0 5334 2 88.1191 91.8809
3074 1430 0 5337 2 97.5459 82.4541
3078 1430 0 5345 2 96.727 83.273
3080 1430 0 5347 2 80.0371 99.9629
3081 1430 0 5349 2 76.2973 103.703
3086 1430 0 5358 2 97.3967 82.6033
3091 1430 0 5369 2 115.854 64.1463
3092 1430 0 5370 2 100.219 79.7807
3095 1430 0 5379 2 76.9289 103.071
3097 1430 0 5381 2 73.2909 106.709
3098 1430 0 5382 2 80.2639 99.7361
3099 1430 0 5384 2 107.818 72.1818
3100 1430 0 5385 2 108.582 71.4179
3101 1430 0 5386 2 107.11 72.8901
3106 1430 0 5393 2 96.8864 83.1136
3109 1430 0 5398 2 97.5865 82.4135
3110 1430 0 5399 2 92.2175 87.7825
3114 1430 0 5406 2 80.4266 99.5734
3119 1430 0 5414 2 109.856 70.1442
3121 1430 0 5416 2 77.7472 102.253
3125 1430 0 5439 2 99.4694 80.5306
3126 1430 0 5440 2 67.5589 112.441
3127 1430 0 5441 2 68.0973 111.903
3128 1430 0 5442 2 63.1316 116.868
3130 1430 0 5445 2 100.364 79.6355
3136 1430 0 5456 2 110.523 69.4771
3138 1430 0 5460 2 86.9309 93.0691
3139 1430 0 5461 2 113.411 66.5889
3142 1430 0 5464 2 74.4841 105.516
3144 1430 0 5467 2 67.9208 112.079
3145 1430 0 5468 2 95.2383 84.7617
3146 1430 0 5470 2 116.042 63.9578
3148 1430 0 5472 2 98.5014 81.4986
3149 1430 0 5473 2 92.1887 87.8113
3151 1430 0 5475 2 74.7997 105.2
3152 1430 0 5476 2 62.1954 117.805
3158 1430 0 5485 2 89.5949 90.4051
3159 1430 0 5486 2 105.897 74.1028
3160 1430 0 5487 2 60.0958 119.904
3169 1430 0 5501 2 109.084 70.9157
3170 1430 0 5503 2 82.6956 97.3044
3172 1430 0 5510 2 90.7469 89.2531
3175 1430 0 5515 2 60.6828 119.317
3179 1430 0 5525 2 104.5 75.5005
3182 1430 0 5535 2 69.3502 110.65
3183 1430 0 5536 2 106.015 73.9848
3186 1430 0 5539 2 87.8463 92.1537
3187 1430 0 5543 2 65.2736 114.726
3191 1430 0 5549 2 72.8723 107.128
3192 1430 0 5552 2 96.5772 83.4228
3194 1430 0 5556 2 96.259 83.741
3196 1430 0 5561 2 78.676 101.324
3199 1430 0 5569 2 105.239 74.7611
3201 1430 0 5572 2 60.2326 119.767
3204 1430 0 5580 2 115.046 64.9536
3207 1430 0 5584 2 83.5427 96.4573
3208 1430 0 5588 2 112.972 67.0284
3209 1430 0 5589 2 89.2675 90.7325
3213 1430 0 5594 2 109.951 70.0492
3214 1430 0 5598 2 104.122 75.8783
3216 1430 0 5602 2 110.394 69.6062
3217 1430 0 5606 2 85.64 94.36
3221 1430 0 5610 2 105.001 74.9987
3222 1430 0 5611 2 113.242 66.7576
3223 1430 0 5613 2 77.7216 102.278
3231 1430 0 5626 2 112.759 67.2411
3232 1430 0 5628 2 104.699 75.3011
3234 1430 0 5635 2 92.8792 87.1208
3235 1430 0 5637 2 107.849 72.1507
3237 1430 0 5640 2 105.461 74.539
3238 1430 0 5641 2 118.279 61.7205
3240 1430 0 5645 2 87.4002 92.5998
3241 1430 0 5647 2 75.0086 104.991
3242 1430 0 5648 2 103.045 76.9552
3245 1430 0 5653 2 84.9592 95.0408
3246 1430 0 5655 2 74.9662 105.034
3247 1430 0 5656 2 84.2684 95.7316
3250 1430 0 5661 2 112.214 67.7862
3251 1430 0 5669 2 122.013 57.9871
3254 1430 0 5673 2 64.7813 115.219
3257 1430 0 5676 2 105.496 74.5037
3258 1430 0 5679 2 82.7526 97.2474
3262 1430 0 5688 2 75.3755 104.625
3264 1430 0 5691 2 106.601 73.3995
3267 1430 0 5695 2 103.25 76.7502
3269 1430 0 5697 2 108.859 71.1412
3270 1430 0 5700 2 59.9068 120.093
3275 1430 0 5709 2 92.7851 87.2149
3276 1430 0 5710 2 84.1541 95.8459
3284 1430 0 5722 2 60.5029 119.497
3288 1430 0 5726 2 98.3823 81.6177
3290 1430 0 5729 2 62.9475 117.052
3291 1430 0 5730 2 112.804 67.1964
3292 1430 0 5731 2 104.086 75.9145
3294 1430 0 5733 2 98.8255 81.1745
3295 1430 0 5734 2 73.3941 106.606
3298 1430 0 5741 2 105.395 74.6054
3302 1430 0 5753 2 94.7045 85.2955
3306 1430 0 5758 2 96.8635 83.1365
3308 1430 0 5761 2 66.0764 113.924
3311 1430 0 5766 2 91.0959 88.9041
3313 1430 0 5768 2 65.4999 114.5
3316 1430 0 5772 2 90.5748 89.4252
3322 1430 0 5783 2 113.166 66.8343
3324 1430 0 5785 2 73.4156 106.584
3328 1430 0 5791 2 84.645 95.355
3329 1430 0 5792 2 83.1257 96.8743
3332 1430 0 5797 2 91.289 88.711
3334 1430 0 5802 2 110.089 69.9114
3335 1430 0 5803 2 107.977 72.0234
3336 1430 0 5805 2 62.379 117.621
3337 1430 0 5806 2 113.946 66.0542
3339 1430 0 5808 2 102.414 77.5863
3344 1430 0 5817 2 75.6661 104.334
3345 1430 0 5822 2 88.635 91.365
3346 1430 0 5825 2 63.1609 116.839
3349 1430 0 5829 2 105.523 74.4766
3351 1430 0 5832 2 108.633 71.3666
3353 1430 0 5834 2 122.398 57.6025
3354 1430 0 5835 2 72.9036 107.096
3357 1430 0 5838 2 76.713 103.287
3358 1430 0 5839 2 82.3226 97.6774
3359 1430 0 5840 2 105.08 74.9201
3360 1430 0 5841 2 115.246 64.7544
3361 1430 0 5843 2 119.264 60.7355
3362 1430 0 5846 2 82.6752 97.3248
3363 1430 0 5849 2 75.6168 104.383
3364 1430 0 5850 2 104.499 75.5013
3365 1430 0 5853 2 77.9567 102.043
3366 1430 0 5856 2 76.0606 103.939
3369 1430 0 5861 2 64.0314 115.969
3371 1430 0 5863 2 110.404 69.596
3373 1430 0 5866 2 72.9106 107.089
3374 1430 0 5867 2 87.8517 92.1483
3375 1430 0 5868 2 81.6656 98.3344
3377 1430 0 5870 2 81.4457 98.5543
3382 1430 0 5879 2 74.8977 105.102
3384 1430 0 5882 2 94.56 85.44
3386 1430 0 5885 2 61.8276 118.172
3388 1430 0 5888 2 73.91 106.09
3392 1430 0 5896 2 115.066 64.9343
3393 1430 0 5897 2 76.0803 103.92
3394 1430 0 5898 2 68.0134 111.987
3395 1430 0 5899 2 66.4715 113.529
3397 1430 0 5901 2 69.8041 110.196
3399 1430 0 5905 2 85.7454 94.2546
3400 1430 0 5906 2 65.9129 114.087
3401 1430 0 5907 2 70.7014 109.299
3404 1430 0 5910 2 102.307 77.6931
3405 1430 0 5911 2 66.6097 113.39
3407 1430 0 5914 2 66.6164 113.384
3409 1430 0 5916 2 90.6651 89.3349
3410 1430 0 5917 2 66.9442 113.056
3411 1430 0 5918 2 83.8205 96.1795
3419 1430 0 5932 2 107.177 72.8232
3420 1430 0 5933 2 119.662 60.3379
3421 1430 0 5935 2 87.1913 92.8087
3422 1430 0 5937 2 101.551 78.4489
3423 1430 0 5940 2 83.7482 96.2518
3425 1430 0 5943 2 78.006 101.994
3426 1430 0 5944 2 66.9454 113.055
3430 1430 0 5951 2 93.2766 86.7234
3431 1430 0 5952 2 74.0583 105.942
3432 1430 0 5954 2 83.9214 96.0786
3434 1430 0 5958 2 78.383 101.617
3435 1430 0 5959 2 104.921 75.0791
3436 1430 0 5960 2 68.0184 111.982
3438 1430 0 5962 2 121.311 58.6887
3447 1430 0 5980 2 95.6376 84.3624
3449 1430 0 5982 2 79.5382 100.462
3451 1430 0 5985 2 117.713 62.2869
3454 1430 0 5992 2 110.486 69.5135
3459 1430 0 6003 2 63.3932 116.607
3460 1430 0 6007 2 112.582 67.418
3461 1430 0 6010 2 76.3767 103.623
3466 1430 0 6020 2 107.163 72.8366
3472 1430 0 6030 2 71.3379 108.662
3474 1430 0 6032 2 83.5476 96.4524
3476 1430 0 6034 2 94.3014 85.6986
3478 1430 0 6036 2 62.8501 117.15
3481 1430 0 6041 2 68.3986 111.601
3486 1430 0 6050 2 93.2557 86.7443
3490 1430 0 6054 2 92.0233 87.9767
3491 1430 0 6059 2 87.8496 92.1504
3493 1430 0 6065 2 123.332 56.6682
3497 1430 0 6070 2 64.3244 115.676
3498 1430 0 6073 2 102.359 77.6414
3500 1430 0 6075 2 98.1824 81.8176
3502 1430 0 6081 2 98.4414 81.5586
3509 1430 0 6091 2 84.2474 95.7526
3511 1430 0 6094 2 101.114 78.8864
3514 1430 0 6103 2 70.7384 109.262
3515 1430 0 6104 2 83.6814 96.3186
3516 1430 0 6106 2 72.2304 107.77
3519 1430 0 6111 2 67.6951 112.305
3522 1430 0 6116 2 111.77 68.2297
3524 1430 0 6120 2 94.7567 85.2433
3526 1430 0 6124 2 106.858 73.1419
3531 1430 0 6133 2 120.615 59.3847
3532 1430 0 6136 2 97.8203 82.1797
3533 1430 0 6139 2 111.969 68.0309
3537 1430 0 6143 2 103.656 76.3443
3539 1430 0 6145 2 88.6451 91.3549
3542 1430 0 6149 2 91.9967 88.0033
3543 1430 0 6150 2 80.9839 99.0161
3549 1430 0 6163 2 114.025 65.9747
3552 1430 0 6169 2 113.969 66.0311
3553 1430 0 6172 2 114.027 65.9732
3554 1430 0 6174 2 81.4777 98.5223
3555 1430 0 6175 2 55.0346 124.965
3556 1430 0 6176 2 85.4236 94.5764
3558 1430 0 6182 2 67.2497 112.75
3560 1430 0 6184 2 82.115 97.885
3564 1430 0 6192 2 87.9845 92.0155
3566 1430 0 6199 2 56.3546 123.645
3570 1430 0 6205 2 84.1339 95.8661
3571 1430 0 6209 2 68.9375 111.063
3573 1430 0 6211 2 82.2552 97.7448
3574 1430 0 6212 2 63.9992 116.001
3579 1430 0 6222 2 101.569 78.4313
3582 1430 0 6229 2 101.761 78.2389
3584 1430 0 6233 2 79.288 100.712
3585 1430 0 6234 2 111.875 68.1249
3587 1430 0 6239 2 114.425 65.5749
3589 1430 0 6243 2 61.3804 118.62
3590 1430 0 6245 2 97.2099 82.7901
3593 1430 0 6249 2 98.6796 81.3204
3594 1430 0 6251 2 65.0358 114.964
3595 1430 0 6252 2 80.201 99.799
3596 1430 0 6254 2 87.2411 92.7589
3598 1430 0 6256 2 103.844 76.1562
3600 1430 0 6260 2 111.187 68.813
3601 1430 0 6261 2 123.374 56.6263
3603 1430 0 6264 2 97.3407 82.6593
3604 1430 0 6265 2 80.2803 99.7197
3606 1430 0 6270 2 96.2116 83.7884
3608 1430 0 6273 2 70.6608 109.339
3611 1430 0 6279 2 105.924 74.0757
3613 1430 0 6281 2 81.4372 98.5628
3615 1430 0 6283 2 66.1066 113.893
3616 1430 0 6284 2 98.8117 81.1883
3617 1430 0 6285 2 60.9901 119.01
3622 1430 0 6294 2 63.9579 116.042
3623 1430 0 6295 2 112.538 67.4622
3626 1430 0 6299 2 75.3783 104.622
3628 1430 0 6303 2 87.5863 92.4137
3634 1430 0 6314 2 88.6243 91.3757
3635 1430 0 6315 2 114.305 65.6954
3637 1430 0 6318 2 72.2344 107.766
3639 1430 0 6320 2 90.1656 89.8344
3641 1430 0 6323 2 91.9022 88.0978
3645 1430 0 6331 2 101.299 78.7011
3647 1430 0 6334 2 114.243 65.7572
3653 1430 0 6345 2 74.6722 105.328
3666 1430 0 6365 2 104.848 75.1523
3669 1430 0 6370 2 66.6807 113.319
3670 1430 0 6376 2 70.7446 109.255
3671 1430 0 6378 2 67.9486 112.051
3672 1430 0 6379 2 84.5307 95.4693
3674 1430 0 6382 2 106.325 73.6748
3677 1430 0 6387 2 82.5485 97.4515
3679 1430 0 6389 2 82.5224 97.4776
3681 1430 0 6392 2 106.201 73.7991
3685 1430 0 6400 2 85.3304 94.6696
3687 1430 0 6408 2 96.4232 83.5768
3688 1430 0 6412 2 63.6398 116.36
3689 1430 0 6413 2 116.244 63.7557
3690 1430 0 6417 2 95.3696 84.6304
3691 1430 0 6419 2 100.629 79.371
3692 1430 0 6421 2 79.6662 100.334
3694 1430 0 6423 2 64.6993 115.301
3695 1430 0 6430 2 80.2718 99.7282
3696 1430 0 6431 2 110.885 69.1147
3697 1430 0 6432 2 65.7027 114.297
3699 1430 0 6434 2 95.768 84.232
3701 1430 0 6437 2 66.0896 113.91
3704 1430 0 6443 2 98.2516 81.7484
3705 1430 0 6446 2 93.5678 86.4322
3706 1430 0 6447 2 66.6793 113.321
3710 1430 0 6455 2 85.6962 94.3038
3711 1430 0 6460 2 75.661 104.339
3712 1430 0 6461 2 99.6582 80.3418
3713 1430 0 6462 2 74.0413 105.959
3714 1430 0 6464 2 93.039 86.961
3717 1430 0 6468 2 84.0748 95.9252
3718 1430 0 6470 2 107.382 72.6175
3722 1430 0 6474 2 98.0967 81.9033
3725 1430 0 6478 2 70.3883 109.612
3726 1430 0 6480 2 103.007 76.9928
3727 1430 0 6481 2 95.1343 84.8657
3728 1430 0 6486 2 71.2072 108.793
3731 1430 0 6490 2 120.53 59.4698
3732 1430 0 6491 2 121.233 58.7666
3734 1430 0 6495 2 77.0285 102.972
3742 1430 0 6506 2 107.722 72.2782
3745 1430 0 6510 2 92.1112 87.8888
3746 1430 0 6511 2 75.7553 104.245
3748 1430 0 6513 2 85.4588 94.5412
3750 1430 0 6515 2 82.2762 97.7238
3751 1430 0 6518 2 118.515 61.4853
3756 1430 0 6528 2 86.3249 93.6751
3758 1430 0 6534 2 76.3154 103.685
3759 1430 0 6536 2 73.5202 106.48
3763 1430 0 6541 2 82.0317 97.9683
3764 1430 0 6542 2 67.7181 112.282
3765 1430 0 6543 2 103.462 76.5383
3770 1430 0 6555 2 94.5111 85.4889
3771 1430 0 6556 2 70.6522 109.348
3772 1430 0 6560 2 82.7977 97.2023
3773 1430 0 6561 2 76.671 103.329
3774 1430 0 6562 2 102.347 77.6531
3775 1430 0 6563 2 65.0658 114.934
3776 1430 0 6565 2 103.821 76.1794
3778 1430 0 6567 2 70.508 109.492
3783 1430 0 6574 2 64.6067 115.393
3785 1430 0 6580 2 119.723 60.2766
3787 1430 0 6583 2 84.074 95.926
3788 1430 0 6584 2 113.764 66.2356
3792 1430 0 6588 2 92.8911 87.1089
3793 1430 0 6589 2 95.3394 84.6606
3795 1430 0 6592 2 78.7006 101.299
3798 1430 0 6599 2 107.415 72.5847
3799 1430 0 6602 2 59.7577 120.242
3802 1430 0 6605 2 112.227 67.7726
3803 1430 0 6606 2 89.9957 90.0043
3804 1430 0 6611 2 96.9555 83.0445
3805 1430 0 6612 2 74.086 105.914
3809 1430 0 6619 2 104.261 75.7389
3810 1430 0 6621 2 103.642 76.3581
3813 1430 0 6626 2 88.4063 91.5937
3814 1430 0 6627 2 66.8172 113.183
3815 1430 0 6629 2 95.1039 84.8961
3816 1430 0 6630 2 105.915 74.0851
3818 1430 0 6634 2 118.976 61.0238
3821 1430 0 6640 2 59.8429 120.157
3823 1430 0 6642 2 92.3906 87.6094
3826 1430 0 6646 2 78.9903 101.01
3832 1430 0 6652 2 102.629 77.371
3834 1430 0 6655 2 78.8588 101.141
3835 1430 0 6657 2 80.2594 99.7406
3836 1430 0 6658 2 98.9985 81.0015
3838 1430 0 6666 2 100.653 79.3469
3840 1430 0 6670 2 95.288 84.712
3843 1430 0 6678 2 92.41 87.59
3844 1430 0 6680 2 112.36 67.6397
3847 1430 0 6683 2 77.6019 102.398
3848 1430 0 6685 2 65.7259 114.274
3849 1430 0 6686 2 61.2401 118.76
3850 1430 0 6687 2 62.0175 117.982
3852 1430 0 6689 2 73.4683 106.532
3854 1430 0 6691 2 68.2214 111.779
3861 1430 0 6703 2 91.8763 88.1237
3863 1430 0 6706 2 72.6969 107.303
3865 1430 0 6709 2 81.9614 98.0386
3870 1430 0 6716 2 82.0593 97.9407
3872 1430 0 6720 2 80.8273 99.1727
3873 1430 0 6722 2 119.067 60.9333
3874 1430 0 6725 2 97.3825 82.6175
3876 1430 0 6728 2 109.406 70.5941
3880 1430 0 6741 2 79.0661 100.934
3881 1430 0 6742 2 117.55 62.4499
3887 1430 0 6750 2 86.1103 93.8897
3888 1430 0 6752 2 104.491 75.5091
3890 1430 0 6754 2 71.395 108.605
3891 1430 0 6756 2 80.1516 99.8484
3892 1430 0 6757 2 77.602 102.398
3897 1430 0 6768 2 74.3197 105.68
3898 1430 0 6772 2 70.0207 109.979
3899 1430 0 6773 2 113.252 66.7484
3904 1430 0 6782 2 65.0119 114.988
3905 1430 0 6784 2 68.2508 111.749
3908 1430 0 6792 2 97.9069 82.0931
3909 1430 0 6793 2 95.8007 84.1993
3910 1430 0 6794 2 96.4631 83.5369
3915 1430 0 6799 2 87.3279 92.6721
3916 1430 0 6800 2 73.5373 106.463
3918 1430 0 6805 2 69.7346 110.265
3919 1430 0 6806 2 80.3799 99.6201
3921 1430 0 6810 2 97.8368 82.1632
3922 1430 0 6815 2 77.8362 102.164
3923 1430 0 6816 2 91.5322 88.4678
3924 1430 0 6817 2 62.1455 117.854
3930 1430 0 6828 2 105.971 74.0287
3931 1430 0 6829 2 81.7071 98.2929
3932 1430 0 6830 2 112.586 67.4143
3936 1430 0 6834 2 77.1297 102.87
3937 1430 0 6835 2 107.368 72.6318
3939 1430 0 6837 2 106.523 73.4773
3941 1430 0 6841 2 106.264 73.7363
3945 1430 0 6850 2 68.5771 111.423
3947 1430 0 6853 2 62.5846 117.415
3949 1430 0 6855 2 100.834 79.1657
3950 1430 0 6856 2 116.547 63.4534
3951 1430 0 6858 2 86.963 93.037
3955 1430 0 6863 2 96.7001 83.2999
3956 1430 0 6864 2 86.4464 93.5536
3957 1430 0 6868 2 95.105 84.895
3959 1430 0 6870 2 116.691 63.3086
3965 1430 0 6879 2 71.2482 108.752
3969 1430 0 6890 2 104.38 75.6197
3971 1430 0 6896 2 85.2475 94.7525
3972 1430 0 6897 2 83.7221 96.2779
3988 1430 0 6924 2 114.903 65.0973
3989 1430 0 6927 2 90.4019 89.5981
3993 1430 0 6932 2 110.465 69.5354
3994 1430 0 6934 2 81.7258 98.2742
3996 1430 0 6939 2 73.216 106.784
3999 1430 0 6944 2 113.874 66.1261
4000 1430 0 6946 2 82.583 97.417
4001 1430 0 6948 2 69.6352 110.365
4003 1430 0 6950 2 72.218 107.782
4004 1430 0 6951 2 76.39 103.61
4005 1430 0 6955 2 115.498 64.502
4012 1430 0 6970 2 92.7725 87.2275
4013 1430 0 6971 2 79.1479 100.852
4016 1430 0 6975 2 101.82 78.1796
4020 1430 0 6981 2 67.557 112.443
4022 1430 0 6985 2 66.3793 113.621
4024 1430 0 6987 2 109.275 70.7252
4025 1430 0 6988 2 106.131 73.8695
4026 1430 0 6989 2 104.256 75.7439
4030 1430 0 6994 2 117.784 62.2156
4032 1430 0 6997 2 67.4085 112.592
4033 1430 0 7000 2 68.9295 111.071
4039 1430 0 7012 2 64.2756 115.724
4040 1430 0 7013 2 81.6268 98.3732
4042 1430 0 7021 2 89.8753 90.1247
4044 1430 0 7023 2 106.503 73.4971
4046 1430 0 7025 2 117.037 62.9629
4048 1430 0 7027 2 77.8523 102.148
4051 1430 0 7032 2 90.0977 89.9023
4055 1430 0 7036 2 65.7164 114.284
4057 1430 0 7041 2 116.468 63.5318
4059 1430 0 7043 2 74.9315 105.068
4060 1430 0 7045 2 60.1957 119.804
4062 1430 0 7048 2 113.708 66.2922
4065 1430 0 7053 2 102.353 77.6472
4066 1430 0 7054 2 74.7189 105.281
4067 1430 0 7056 2 64.0805 115.92
4070 1430 0 7062 2 81.1751 98.8249
4071 1430 0 7066 2 87.3036 92.6964
4073 1430 0 7072 2 93.9544 86.0456
4075 1430 0 7085 2 98.0769 81.9231
4078 1430 0 7096 2 85.2264 94.7736
4079 1430 0 7098 2 119.74 60.2605
4080 1430 0 7099 2 74.6256 105.374
4082 1430 0 7102 2 106.757 73.2434
4083 1430 0 7103 2 72.1338 107.866
4085 1430 0 7107 2 60.2817 119.718
4087 1430 0 7112 2 105.573 74.4271
4089 1430 0 7115 2 80.3895 99.6105
4090 1430 0 7116 2 95.3715 84.6285
4094 1430 0 7121 2 102.559 77.4411
4095 1430 0 7123 2 64.3134 115.687
4101 1430 0 7133 2 101.446 78.5539
4102 1430 0 7134 2 58.5091 121.491
4103 1430 0 7135 2 92.3109 87.6891
4105 1430 0 7139 2 70.9249 109.075
4106 1430 0 7140 2 81.4146 98.5854
4108 1430 0 7143 2 108.458 71.5423
4111 1430 0 7148 2 101.556 78.4437
4112 1430 0 7150 2 76.4009 103.599
4115 1430 0 7154 2 68.4592 111.541
4117 1430 0 7156 2 90.4388 89.5612
4118 1430 0 7159 2 84.5207 95.4793
4120 1430 0 7164 2 65.8238 114.176
4122 1430 0 7167 2 113.587 66.4134
4123 1430 0 7168 2 109.515 70.4853
4130 1430 0 7178 2 67.7022 112.298
4134 1430 0 7182 2 101.888 78.112
4139 1430 0 7198 2 75.3061 104.694
4141 1430 0 7200 2 107.641 72.3586
4144 1430 0 7206 2 76.8216 103.178
4145 1430 0 7208 2 74.3862 105.614
4147 1430 0 7210 2 120.03 59.9699
4148 1430 0 7211 2 76.2691 103.731
4150 1430 0 7213 2 85.3387 94.6613
4151 1430 0 7214 2 108.156 71.8445
4154 1430 0 7218 2 113.993 66.0069
4156 1430 0 7220 2 107.229 72.7708
4158 1430 0 7223 2 64.9527 115.047
4163 1430 0 7238 2 119.118 60.8822
4164 1430 0 7239 2 99.4159 80.5841
4169 1430 0 7245 2 87.9365 92.0635
4175 1430 0 7261 2 102.582 77.4177
4176 1430 0 7263 2 67.496 112.504
4178 1430 0 7265 2 106.055 73.9454
4179 1430 0 7267 2 88.5802 91.4198
4182 1430 0 7274 2 96.8612 83.1388
4184 1430 0 7277 2 87.4385 92.5615
4193 1430 0 7293 2 105.576 74.4238
4196 1430 0 7298 2 71.9636 108.036
4200 1430 0 7310 2 106.484 73.5164
4201 1430 0 7312 2 112.668 67.3321
4204 1430 0 7315 2 65.3276 114.672
4205 1430 0 7316 2 67.5281 112.472
4207 1430 0 7322 2 63.163 116.837
4208 1430 0 7323 2 84.2966 95.7034
4209 1430 0 7324 2 63.6633 116.337
4210 1430 0 7325 2 114.536 65.4639
4211 1430 0 7326 2 79.9847 100.015
4212 1430 0 7327 2 112.431 67.569
4214 1430 0 7331 2 103.492 76.5084
4215 1430 0 7332 2 90.6542 89.3458
4221 1430 0 7340 2 104.333 75.667
4222 1430 0 7341 2 114.438 65.5623
4223 1430 0 7342 2 79.3025 100.697
4224 1430 0 7343 2 84.6762 95.3238
4225 1430 0 7344 2 97.4117 82.5883
4231 1430 0 7354 2 101.519 78.4811
4240 1430 0 7375 2 99.5497 80.4503
4247 1430 0 7386 2 97.937 82.063
4248 1430 0 7387 2 97.9212 82.0788
4253 1430 0 7395 2 114.722 65.2783
4254 1430 0 7397 2 86.4582 93.5418
4255 1430 0 7399 2 85.049 94.951
4256 1430 0 7404 2 91.3955 88.6045
4259 1430 0 7408 2 59.688 120.312
4260 1430 0 7410 2 112.745 67.2545
4261 1430 0 7411 2 95.3287 84.6713
4265 1430 0 7418 2 84.4376 95.5624
4266 1430 0 7419 2 123.892 123.892
4273 1430 0 7430 2 89.8349 90.1651
4275 1430 0 7433 2 95.7806 84.2194
4280 1430 0 7440 2 94.0498 85.9502
4281 1430 0 7441 2 111.863 68.1372
4282 1430 0 7443 2 77.586 102.414
4284 1430 0 7446 2 77.0555 102.945
4286 1430 0 7449 2 77.9816 102.018
4287 1430 0 7450 2 93.4162 86.5838
4290 1430 0 7455 2 70.0849 109.915
4291 1430 0 7456 2 59.0656 120.934
4294 1430 0 7460 2 93.133 86.867
4303 1430 0 7472 2 95.8219 84.1781
4306 1430 0 7475 2 91.6879 88.3121
4308 1430 0 7480 2 99.4767 80.5233
4309 1430 0 7482 2 117.403 62.5974
4312 1430 0 7491 2 57.0465 122.954
4315 1430 0 7494 2 118.345 61.6545
4318 1430 0 7500 2 99.8105 80.1895
4320 1430 0 7502 2 60.0812 119.919
4323 1430 0 7510 2 98.5719 81.4281
4324 1430 0 7511 2 92.4836 87.5164
4330 1430 0 7524 2 81.7488 98.2512
4332 1430 0 7529 2 119.031 60.969
4335 1430 0 7535 2 116.408 63.5922
4339 1430 0 7542 2 65.0194 114.981
4345 1430 0 7554 2 96.2335 83.7665
4346 1430 0 7558 2 120.558 59.4421
4349 1430 0 7564 2 73.0503 106.95
4351 1430 0 7567 2 105.404 74.596
4356 1430 0 7581 2 118.274 61.7264
4357 1430 0 7585 2 98.5321 81.4679
4358 1430 0 7586 2 102.156 77.8444
4361 1430 0 7592 2 88.8283 91.1717
4364 1430 0 7596 2 95.9148 84.0852
4365 1430 0 7597 2 64.7827 115.217
4366 1430 0 7598 2 121.938 58.0621
4367 1430 0 7599 2 92.2534 87.7466
4368 1430 0 7602 2 65.5986 114.401
4369 1430 0 7603 2 67.9366 112.063
4370 1430 0 7605 2 115.338 64.6619
4371 1430 0 7606 2 80.255 99.745
4373 1430 0 7611 2 64.1328 115.867
4375 1430 0 7614 2 115.122 64.8783
4376 1430 0 7615 2 97.0961 82.9039
4377 1430 0 7618 2 58.8015 121.199
4379 1430 0 7620 2 113.172 66.8283
4380 1430 0 7621 2 119.415 60.5849
4382 1430 0 7626 2 77.6871 102.313
4383 1430 0 7628 2 76.5415 103.458
4389 1430 0 7636 2 71.3761 108.624
4392 1430 0 7640 2 118.093 61.9073
4394 1430 0 7642 2 62.892 117.108
4395 1430 0 7644 2 103.491 76.5088
4398 1430 0 7648 2 114.726 65.2741
4402 1430 0 7656 2 101.977 78.0232
4408 1430 0 7669 2 111.781 68.2191
4409 1430 0 7670 2 77.9235 102.077
4410 1430 0 7671 2 108.89 71.1097
4411 1430 0 7674 2 87.3536 92.6464
4414 1430 0 7679 2 76.2498 103.75
4415 1430 0 7681 2 87.6109 92.3891
4417 1430 0 7684 2 95.0596 84.9404
4422 1430 0 7689 2 91.1305 88.8695
4423 1430 0 7690 2 105.895 74.1051
4424 1430 0 7691 2 75.2732 104.727
4427 1430 0 7697 2 111.671 68.3291
4429 1430 0 7700 2 84.1816 95.8184
4430 1430 0 7701 2 117.004 62.9961
4431 1430 0 7703 2 89.1158 90.8842
4433 1430 0 7708 2 116.262 63.7378
4435 1430 0 7710 2 113.338 66.6615
4436 1430 0 7713 2 108.657 71.3429
4439 1430 0 7717 2 86.2214 93.7786
4440 1430 0 7718 2 88.3554 91.6446
4441 1430 0 7719 2 108.357 71.6431
4446 1430 0 7725 2 101.952 78.0479
4450 1430 0 7739 2 56.6654 123.335
4451 1430 0 7740 2 72.7401 107.26
4455 1430 0 7745 2 100.973 79.0265
4458 1430 0 7749 2 98.7909 81.2091
4462 1430 0 7757 2 90.1512 89.8488
4466 1430 0 7762 2 110.044 69.9555
4474 1430 0 7773 2 63.5754 116.425
4475 1430 0 7774 2 62.444 117.556
4478 1430 0 7779 2 82.6704 97.3296
4482 1430 0 7786 2 100.134 79.8658
4484 1430 0 7789 2 92.9701 87.0299
4485 1430 0 7790 2 102.813 77.1866
4486 1430 0 7792 2 80.931 99.069
4494 1430 0 7803 2 94.7691 85.2309
4496 1430 0 7806 2 93.947 86.053
4501 1430 0 7812 2 113.127 66.8735
4503 1430 0 7814 2 103.283 76.7171
4504 1430 0 7815 2 119.952 60.048
4508 1430 0 7821 2 106.4 73.6
4511 1430 0 7831 2 106.598 73.4022
4512 1430 0 7832 2 99.4378 80.5622
4514 1430 0 7836 2 96.3254 83.6746
4515 1430 0 7837 2 61.8894 118.111
4516 1430 0 7838 2 95.5034 84.4966
4517 1430 0 7839 2 74.0919 105.908
4518 1430 0 7842 2 86.5371 93.4629
4519 1430 0 7843 2 69.3806 110.619
4521 1430 0 7845 2 67.8016 112.198
4525 1430 0 7851 2 102.948 77.0524
4528 1430 0 7862 2 108.025 71.9752
4530 1430 0 7864 2 83.99 96.01
4533 1430 0 7868 2 78.3254 101.675
4534 1430 0 7871 2 101.036 78.9638
4539 1430 0 7881 2 93.0363 86.9637
4540 1430 0 7882 2 103.215 76.7849
4541 1430 0 7884 2 95.6334 84.3666
4547 1430 0 7895 2 97.6004 82.3996
4551 1430 0 7901 2 61.5051 118.495
4555 1430 0 7905 2 99.1293 80.8707
4556 1430 0 7906 2 63.5448 116.455
4558 1430 0 7909 2 60.5159 119.484
4561 1430 0 7915 2 106.931 73.0689
4563 1430 0 7918 2 73.3025 106.698
4564 1430 0 7919 2 82.0847 97.9153
4568 1430 0 7924 2 102.793 77.2065
4570 1430 0 7928 2 94.7191 85.2809
4573 1430 0 7931 2 96.5755 83.4245
4576 1430 0 7934 2 79.4984 100.502
4578 1430 0 7937 2 85.0559 94.9441
4580 1430 0 7940 2 73.2479 106.752
4581 1430 0 7941 2 83.6394 96.3606
4583 1430 0 7947 2 87.8627 92.1373
4585 1430 0 7950 2 120.636 59.3638
4588 1430 0 7953 2 78.6597 101.34
4592 1430 0 7958 2 82.439 97.561
4595 1430 0 7967 2 103.867 76.133
4597 1430 0 7970 2 90.3754 89.6246
4598 1430 0 7972 2 67.1022 112.898
4599 1430 0 7975 2 69.4643 110.536
4604 1430 0 7986 2 88.0301 91.9699
4605 1430 0 7987 2 100.908 79.0916
4608 1430 0 7992 2 102.745 77.2545
4610 1430 0 7997 2 111.155 68.8453
4611 1430 0 7999 2 88.0167 91.9833
4615 1430 0 8004 2 116.299 63.7012
4617 1430 0 8007 2 79.0423 100.958
4621 1430 0 8014 2 79.0674 100.933
4622 1430 0 8015 2 114.937 65.063
4623 1430 0 8017 2 69.1235 110.877
4624 1430 0 8020 2 111.982 68.0179
4627 1430 0 8024 2 99.9604 80.0396
4628 1430 0 8027 2 71.242 108.758
4629 1430 0 8028 2 64.8536 115.146
4633 1430 0 8034 2 61.2348 118.765
4635 1430 0 8037 2 116.096 63.9041
4636 1430 0 8040 2 76.7885 103.212
4638 1430 0 8045 2 118.774 61.2255
4639 1430 0 8047 2 107.382 72.6179
4640 1430 0 8048 2 120.577 59.4235
4641 1430 0 8049 2 93.3061 86.6939
4642 1430 0 8051 2 102.927 77.0727
4643 1430 0 8052 2 76.6401 103.36
4644 1430 0 8053 2 84.833 95.167
4648 1430 0 8063 2 100.857 79.1435
4654 1430 0 8072 2 104.814 75.1862
4655 1430 0 8073 2 94.9401 85.0599
4656 1430 0 8075 2 71.8998 108.1
4658 1430 0 8078 2 88.6912 91.3088
4659 1430 0 8080 2 87.8083 92.1917
4660 1430 0 8083 2 100.838 79.162
4665 1430 0 8090 2 74.1089 105.891
4667 1430 0 8093 2 110.967 69.0334
4668 1430 0 8094 2 118.852 61.1483
4670 1430 0 8099 2 60.5944 119.406
4672 1430 0 8101 2 99.5106 80.4894
4674 1430 0 8103 2 113.789 66.2108
4675 1430 0 8104 2 97.5175 82.4825
4676 1430 0 8106 2 118.068 61.9318
4678 1430 0 8111 2 93.3986 86.6014
4681 1430 0 8114 2 106.709 73.2906
4684 1430 0 8117 2 101.342 78.6579
4685 1430 0 8118 2 83.0335 96.9665
4686 1430 0 8120 2 94.0312 85.9688
4689 1430 0 8125 2 94.5353 85.4647
4690 1430 0 8126 2 72.4545 107.546
4692 1430 0 8129 2 90.0487 89.9513
4698 1430 0 8139 2 88.54 91.46
4699 1430 0 8140 2 86.3605 93.6395
4701 1430 0 8142 2 76.061 103.939
4702 1430 0 8144 2 113.408 66.5922
4704 1430 0 8146 2 69.7057 110.294
4707 1430 0 8151 2 98.8336 81.1664
4708 1430 0 8152 2 62.0946 117.905
4709 1430 0 8153 2 63.8783 116.122
4710 1430 0 8155 2 65.4289 114.571
4711 1430 0 8156 2 94.5869 85.4131
4712 1430 0 8159 2 113.222 66.7783
4714 1430 0 8161 2 91.8537 88.1463
4715 1430 0 8162 2 68.3494 111.651
4716 1430 0 8163 2 93.0847 86.9153
4717 1430 0 8164 2 119.109 60.8908
4719 1430 0 8168 2 67.8196 112.18
4720 1430 0 8169 2 93.9154 86.0846
4722 1430 0 8171 2 98.3301 81.6699
4723 1430 0 8172 2 80.584 99.416
4724 1430 0 8173 2 104.663 75.3374
4726 1430 0 8175 2 87.9197 92.0803
4729 1430 0 8183 2 94.1247 85.8753
4731 1430 0 8185 2 91.3728 88.6272
4736 1430 0 8200 2 79.7712 100.229
4737 1430 0 8201 2 96.3083 83.6917
4740 1430 0 8204 2 93.9322 86.0678
4745 1430 0 8213 2 101.789 78.2107
4747 1430 0 8216 2 88.9366 91.0634
4749 1430 0 8221 2 106.38 73.6199
4750 1430 0 8222 2 110.807 69.1931
4751 1430 0 8224 2 88.2641 91.7359
4752 1430 0 8225 2 87.9678 92.0322
4754 1430 0 8227 2 85.4183 94.5817
4757 1430 0 8231 2 80.2315 99.7685
4759 1430 0 8237 2 76.5667 103.433
4764 1430 0 8244 2 97.2711 82.7289
4765 1430 0 8247 2 90.445 89.555
4767 1430 0 8251 2 87.2315 92.7685
4770 1430 0 8256 2 103.846 76.1543
4771 1430 0 8257 2 97.3928 82.6072
4772 1430 0 8258 2 115.642 64.3576
4775 1430 0 8263 2 81.8736 98.1264
4777 1430 0 8265 2 106.982 73.0184
4779 1430 0 8268 2 117.37 62.6302
4780 1430 0 8274 2 89.3812 90.6188
4782 1430 0 8277 2 112.77 67.2296
4785 1430 0 8281 2 86.1342 93.8658
4789 1430 0 8285 2 87.8795 92.1205
4791 1430 0 8288 2 66.7828 113.217
4793 1430 0 8290 2 79.1907 100.809
4796 1430 0 8294 2 73.6222 106.378
4798 1430 0 8299 2 62.9381 117.062
4800 1430 0 8302 2 63.6213 116.379
4802 1430 0 8308 2 71.4401 108.56
4803 1430 0 8311 2 91.7087 88.2913
4804 1430 0 8313 2 113.866 66.1335
4811 1430 0 8325 2 65.9535 114.046
4812 1430 0 8326 2 117.975 62.0254
4815 1430 0 8329 2 70.0783 109.922
4816 1430 0 8331 2 64.962 115.038
4818 1430 0 8333 2 90.4228 89.5772
4819 1430 0 8334 2 107.202 72.7984
4820 1430 0 8335 2 94.5582 85.4418
4822 1430 0 8337 2 89.2829 90.7171
4823 1430 0 8338 2 59.7238 120.276
4827 1430 0 8343 2 94.935 85.065
4828 1430 0 8344 2 113.981 66.0193
4834 1430 0 8356 2 87.1409 92.8591
4835 1430 0 8359 2 105.906 74.094
4840 1430 0 8378 2 77.8136 102.186
4842 1430 0 8385 2 117.876 62.124
4843 1430 0 8386 2 74.0055 105.995
4844 1430 0 8387 2 113.978 66.0219
4846 1430 0 8389 2 103.808 76.1925
4847 1430 0 8390 2 94.9166 85.0834
4848 1430 0 8392 2 85.843 94.157
4853 1430 0 8399 2 72.3372 107.663
4856 1430 0 8404 2 95.8311 84.1689
4857 1430 0 8405 2 103.177 76.8227
4861 1430 0 8410 2 62.3881 117.612
4863 1430 0 8413 2 67.4748 112.525
4864 1430 0 8417 2 102.326 77.6743
4866 1430 0 8419 2 79.1921 100.808
4867 1430 0 8420 2 117.069 62.9307
4870 1430 0 8425 2 105.149 74.8508
4871 1430 0 8426 2 65.7191 114.281
4875 1430 0 8433 2 109.703 70.2973
4880 1430 0 8443 2 67.8731 112.127
4886 1430 0 8455 2 71.4748 108.525
4887 1430 0 8457 2 81.0328 98.9672
4891 1430 0 8464 2 81.395 98.605
4893 1430 0 8467 2 91.6918 88.3082
4894 1430 0 8474 2 101.046 78.9541
4898 1430 0 8480 2 121.055 58.9448
4902 1430 0 8485 2 93.5101 86.4899
4903 1430 0 8486 2 74.585 105.415
4906 1430 0 8490 2 97.3875 82.6125
4910 1430 0 8494 2 73.6683 106.332
4913 1430 0 8497 2 99.9645 80.0355
4914 1430 0 8498 2 68.8948 111.105
4916 1430 0 8501 2 60.8802 119.12
4918 1430 0 8504 2 89.9818 90.0182
4920 1430 0 8507 2 90.4105 89.5895
4922 1430 0 8511 2 108.197 71.8033
4923 1430 0 8512 2 111.891 68.1095
4925 1430 0 8518 2 89.1422 90.8578
4928 1430 0 8521 2 67.052 112.948
4930 1430 0 8523 2 91.9058 88.0942
4933 1430 0 8527 2 105.377 74.6228
4935 1430 0 8535 2 61.8426 118.157
4937 1430 0 8537 2 91.7742 88.2258
4940 1430 0 8543 2 115.969 64.0314
4941 1430 0 8544 2 105.793 74.2074
4942 1430 0 8546 2 82.1871 97.8129
4946 1430 0 8553 2 102.973 77.0272
4948 1430 0 8556 2 55.5916 124.408
4950 1430 0 8558 2 70.5841 109.416
4952 1430 0 8562 2 86.7985 93.2015
4956 1430 0 8569 2 97.5334 82.4666
4958 1430 0 8573 2 92.8827 87.1173
4961 1430 0 8576 2 99.162 80.838
4967 1430 0 8585 2 110.968 69.0318
4969 1430 0 8587 2 78.3629 101.637
4971 1430 0 8591 2 97.8999 82.1001
4972 1430 0 8596 2 103.608 76.3921
4976 1430 0 8604 2 79.4073 100.593
4978 1430 0 8606 2 72.096 107.904
4979 1430 0 8607 2 78.7723 101.228
4984 1430 0 8620 2 114.737 65.2628
4987 1430 0 8628 2 88.1312 91.8688
4990 1430 0 8631 2 115.945 64.0551
4994 1430 0 8636 2 66.8859 113.114
4997 1430 0 8640 2 79.8889 100.111
4999 1430 0 8642 2 58.5261 121.474
5002 1430 0 8648 2 101.277 78.7232
5003 1430 0 8649 2 75.2297 104.77
5004 1430 0 8650 2 82.2592 97.7408
5009 1430 0 8656 2 109.208 70.7921
5011 1430 0 8658 2 69.0659 110.934
5012 1430 0 8660 2 85.6515 94.3485
5014 1430 0 8663 2 107.877 72.123
5016 1430 0 8665 2 108.584 71.4157
5018 1430 0 8668 2 88.0563 91.9437
5020 1430 0 8670 2 85.3534 94.6466
5021 1430 0 8671 2 81.3685 98.6315
5025 1430 0 8682 2 98.8443 81.1557
5030 1430 0 8693 2 103.668 76.3316
5032 1430 0 8695 2 78.8189 101.181
5036 1430 0 8700 2 105.989 74.0113
5039 1430 0 8704 2 92.8426 87.1574
5046 1430 0 8720 2 86.2173 93.7827
5049 1430 0 8723 2 93.8318 86.1682
5054 1430 0 8735 2 111.869 68.1312
5059 1430 0 8741 2 113.205 66.7955
5063 1430 0 8750 2 90.3187 89.6813
5065 1430 0 8752 2 77.1927 102.807
5066 1430 0 8754 2 113.5 66.4996
5067 1430 0 8757 2 77.1575 102.843
5069 1430 0 8761 2 64.3424 115.658
5071 1430 0 8763 2 96.9918 83.0082
5074 1430 0 8767 2 69.5525 110.447
5075 1430 0 8769 2 85.9243 94.0757
5076 1430 0 8770 2 76.1099 103.89
5085 1430 0 8791 2 96.8988 83.1012
5090 1430 0 8797 2 113.208 66.7923
5091 1430 0 8799 2 106.928 73.0724
5092 1430 0 8801 2 86.525 93.475
5098 1430 0 8813 2 88.9188 91.0812
5100 1430 0 8816 2 100.597 79.4033
5101 1430 0 8817 2 84.684 95.316
5102 1430 0 8818 2 67.6798 112.32
5104 1430 0 8824 2 111.54 68.4596
5106 1430 0 8830 2 59.0531 120.947
5108 1430 0 8835 2 80.8057 99.1943
5113 1430 0 8842 2 110.56 69.4398
5114 1430 0 8843 2 96.5563 83.4437
5117 1430 0 8847 2 95.303 84.697
5118 1430 0 8850 2 67.3406 112.659
5120 1430 0 8855 2 110.891 69.1092
5121 1430 0 8856 2 62.2703 117.73
5129 1430 0 8869 2 68.2101 111.79
5130 1430 0 8870 2 99.8324 80.1676
5131 1430 0 8872 2 75.6134 104.387
5132 1430 0 8875 2 84.9389 95.0611
5134 1430 0 8881 2 75.3095 104.69
5141 1430 0 8896 2 100.693 79.3071
5144 1430 0 8909 2 69.9442 110.056
5149 1430 0 8918 2 82.3312 97.6688
5150 1430 0 8919 2 106.727 73.2733
5151 1430 0 8920 2 69.464 110.536
5153 1430 0 8925 2 73.8252 106.175
5157 1430 0 8931 2 115.495 64.5046
5161 1430 0 8938 2 79.0632 100.937
5162 1430 0 8939 2 106.636 73.3645
5163 1430 0 8940 2 117.038 62.9618
5164 1430 0 8941 2 58.5813 121.419
5165 1430 0 8942 2 60.6268 119.373
5166 1430 0 8943 2 86.5813 93.4187
5167 1430 0 8944 2 98.7395 81.2605
5169 1430 0 8949 2 70.954 109.046
5170 1430 0 8951 2 92.0618 87.9382
5175 1430 0 8958 2 77.4424 102.558
5176 1430 0 8959 2 80.4929 99.5071
5177 1430 0 8963 2 108.088 71.9117
5180 1430 0 8971 2 96.79 83.21
5181 1430 0 8973 2 83.4472 96.5528
5182 1430 0 8975 2 79.2669 100.733
5183 1430 0 8978 2 69.1898 110.81
5184 1430 0 8981 2 68.1208 111.879
5186 1430 0 8983 2 104.945 75.0548
5188 1430 0 8985 2 101.333 78.6668
5189 1430 0 8987 2 94.1048 85.8952
5190 1430 0 8988 2 77.627 102.373
5193 1430 0 8993 2 93.3186 86.6814
5194 1430 0 8994 2 90.6859 89.3141
5196 1430 0 8997 2 86.8614 93.1386
5198 1430 0 9002 2 66.7531 113.247
5203 1430 0 9008 2 80.4522 99.5478
5209 1430 0 9022 2 94.4196 85.5804
5212 1430 0 9025 2 104.683 75.3172
5213 1430 0 9026 2 101.352 78.648
5215 1430 0 9034 2 64.3544 115.646
5216 1430 0 9036 2 99.3912 80.6088
5219 1430 0 9041 2 97.3535 82.6465
5221 1430 0 9043 2 69.1357 110.864
5223 1430 0 9052 2 117.073 62.9268
5224 1430 0 9054 2 95.6175 84.3825
5226 1430 0 9057 2 78.385 101.615
5228 1430 0 9062 2 73.5076 106.492
5233 1430 0 9067 2 77.1592 102.841
5236 1430 0 9073 2 94.2531 85.7469
5237 1430 0 9075 2 109.995 70.0051
5238 1430 0 9078 2 92.4816 87.5184
5245 1430 0 9092 2 93.4211 86.5789
5249 1430 0 9101 2 88.5409 91.4591
5256 1430 0 9116 2 87.8811 92.1189
5257 1430 0 9119 2 96.563 83.437
5260 1430 0 9126 2 93.4683 86.5317
5262 1430 0 9129 2 92.162 87.838
5263 1430 0 9131 2 93.7978 86.2022
5264 1430 0 9132 2 78.8711 101.129
5265 1430 0 9133 2 86.1686 93.8314
5273 1430 0 9144 2 106.386 73.6135
5279 1430 0 9156 2 70.6576 109.342
5281 1430 0 9162 2 99.3972 80.6028
5283 1430 0 9164 2 68.5228 111.477
5286 1430 0 9167 2 98.7257 81.2743
5287 1430 0 9170 2 94.5048 85.4952
5289 1430 0 9174 2 74.3193 105.681
5290 1430 0 9176 2 95.2304 84.7696
5291 1430 0 9178 2 97.978 82.022
5293 1430 0 9181 2 112.773 67.2272
5297 1430 0 9185 2 75.1434 104.857
5300 1430 0 9189 2 61.5336 118.466
5304 1430 0 9196 2 116.07 63.9299
5306 1430 0 9199 2 95.9629 84.0371
5310 1430 0 9204 2 102.822 77.1781
5315 1430 0 9212 2 78.2453 101.755
5317 1430 0 9215 2 62.2154 117.785
5318 1430 0 9217 2 72.8933 107.107
5319 1430 0 9220 2 100.037 79.9633
5320 1430 0 9228 2 87.0544 92.9456
5322 1430 0 9231 2 101.503 78.4971
5323 1430 0 9233 2 65.9696 114.03
5325 1430 0 9235 2 70.1279 109.872
5326 1430 0 9236 2 97.3354 82.6646
5328 1430 0 9238 2 100.218 79.7822
5330 1430 0 9240 2 101.472 78.528
5331 1430 0 9241 2 89.5409 90.4591
5333 1430 0 9243 2 103.569 76.431
5337 1430 0 9249 2 70.65 109.35
5338 1430 0 9253 2 67.5193 112.481
5340 1430 0 9256 2 101.369 78.6307
5343 1430 0 9259 2 90.6298 89.3702
5345 1430 0 9264 2 92.6148 87.3852
5346 1430 0 9266 2 68.0208 111.979
5348 1430 0 9268 2 73.64 106.36
5349 1430 0 9271 2 80.3668 99.6332
5356 1430 0 9278 2 81.7822 98.2178
5358 1430 0 9283 2 83.3282 96.6718
5359 1430 0 9285 2 82.9796 97.0204
5368 1430 0 9303 2 92.3097 87.6903
5369 1430 0 9304 2 104.571 75.4288
5370 1430 0 9305 2 91.4829 88.5171
5375 1430 0 9311 2 76.7659 103.234
5376 1430 0 9313 2 100.317 79.6831
5377 1430 0 9314 2 109.943 70.0568
5378 1430 0 9315 2 111.979 68.021
5380 1430 0 9319 2 90.3148 89.6852
5381 1430 0 9320 2 102.369 77.6313
5387 1430 0 9327 2 114.593 65.407
5388 1430 0 9328 2 112.115 67.8846
5395 1430 0 9341 2 72.9082 107.092
5399 1430 0 9347 2 83.4644 96.5356
5400 1430 0 9349 2 112.758 67.2418
5401 1430 0 9352 2 70.4767 109.523
5402 1430 0 9355 2 114.549 65.4508
5403 1430 0 9358 2 105.191 74.8091
5407 1430 0 9364 2 95.6688 84.3312
5408 1430 0 9365 2 64.0422 115.958
5409 1430 0 9366 2 112.702 67.298
5412 1430 0 9372 2 99.4942 99.4942
5413 1430 0 9373 2 90.664 89.336
5421 1430 0 9384 2 80.5475 99.4525
5424 1430 0 9391 2 93.8945 86.1055
5428 1430 0 9396 2 91.5028 88.4972
5431 1430 0 9401 2 63.1088 116.891
5433 1430 0 9404 2 65.0277 114.972
5434 1430 0 9406 2 71.9489 108.051
5435 1430 0 9409 2 80.9721 99.0279
5436 1430 0 9411 2 65.8369 114.163
5437 1430 0 9413 2 62.6533 117.347
5440 1430 0 9417 2 107.257 72.7429
5443 1430 0 9420 2 93.0158 86.9842
5444 1430 0 9421 2 88.3485 91.6515
5448 1430 0 9428 2 104.359 75.6408
5449 1430 0 9429 2 69.497 110.503
5451 1430 0 9431 2 70.0132 109.987
5453 1430 0 9435 2 78.4708 101.529
5459 1430 0 9446 2 78.5156 101.484
5462 1430 0 9457 2 83.1445 96.8555
5464 1430 0 9459 2 74.0505 105.949
5465 1430 0 9461 2 110.888 69.1123
5470 1430 0 9472 2 84.4533 95.5467
5471 1430 0 9474 2 102.092 77.9085
5473 1430 0 9477 2 108.81 71.1902
5475 1430 0 9482 2 70.0701 109.93
5478 1430 0 9485 2 99.2582 80.7418
5482 1430 0 9493 2 88.0718 91.9282
5484 1430 0 9497 2 63.711 116.289
5485 1430 0 9498 2 114.216 65.7837
5487 1430 0 9503 2 91.9732 88.0268
5488 1430 0 9504 2 58.0271 121.973
5489 1430 0 9507 2 62.4257 117.574
5490 1430 0 9508 2 74.9941 105.006
5492 1430 0 9510 2 93.9416 86.0584
5493 1430 0 9515 2 62.269 117.731
5495 1430 0 9518 2 110.873 69.1274
5497 1430 0 9523 2 93.9298 86.0702
5498 1430 0 9524 2 84.674 95.326
5504 1430 0 9536 2 76.3057 103.694
5505 1430 0 9537 2 87.6219 92.3781
5510 1430 0 9547 2 74.986 105.014
5511 1430 0 9549 2 73.6475 106.353
5512 1430 0 9551 2 85.7131 94.2869
5514 1430 0 9555 2 73.7706 106.229
5515 1430 0 9561 2 103.322 76.6775
5516 1430 0 9563 2 117.827 62.1732
5517 1430 0 9564 2 69.2315 110.768
5520 1430 0 9569 2 104.556 75.4439
5523 1430 0 9574 2 90.1466 89.8534
5526 1430 0 9582 2 112.757 67.2433
5528 1430 0 9584 2 90.9395 89.0605
5529 1430 0 9586 2 67.0003 113
5530 1430 0 9587 2 102.054 77.9464
5535 1430 0 9593 2 62.4833 117.517
5538 1430 0 9599 2 92.3127 87.6873
5544 1430 0 9609 2 67.012 112.988
5547 1430 0 9614 2 102.416 77.5839
5549 1430 0 9616 2 98.1053 81.8947
5552 1430 0 9620 2 116.045 63.9555
5553 1430 0 9624 2 74.5281 105.472
5558 1430 0 9636 2 103.726 76.2739
5561 1430 0 9641 2 106.169 73.8306
5562 1430 0 9642 2 102.739 77.2614
5564 1430 0 9646 2 90.1298 89.8702
5567 1430 0 9649 2 92.2698 87.7302
5569 1430 0 9653 2 78.0627 101.937
5573 1430 0 9658 2 117.257 62.7426
5574 1430 0 9659 2 71.2978 108.702
5575 1430 0 9660 2 73.6841 106.316
5576 1430 0 9661 2 71.8255 108.174
5578 1430 0 9663 2 87.7285 92.2715
5579 1430 0 9664 2 87.8371 92.1629
5583 1430 0 9674 2 119.073 60.9273
5585 1430 0 9677 2 121.115 58.8854
5588 1430 0 9684 2 107.024 72.9755
5591 1430 0 9688 2 111.034 68.9657
5592 1430 0 9689 2 107.962 72.0377
5593 1430 0 9691 2 98.8996 81.1004
5596 1430 0 9695 2 87.5489 92.4511
5597 1430 0 9696 2 66.4937 113.506
5598 1430 0 9697 2 65.701 114.299
5603 1430 0 9703 2 83.3769 96.6231
5611 1430 0 9713 2 107.214 72.7858
5612 1430 0 9715 2 66.2278 113.772
5617 1430 0 9727 2 98.5469 81.4531
5619 1430 0 9729 2 117.629 62.3708
5620 1430 0 9730 2 65.2066 114.793
5621 1430 0 9731 2 64.4571 115.543
5625 1430 0 9736 2 110.437 69.5634
5626 1430 0 9737 2 88.6345 91.3655
5627 1430 0 9738 2 95.3638 84.6362
5629 1430 0 9740 2 65.6554 114.345
5631 1430 0 9742 2 112.136 67.8636
5634 1430 0 9747 2 87.2616 92.7384
5636 1430 0 9749 2 115.47 64.5296
5637 1430 0 9752 2 68.6732 111.327
5638 1430 0 9753 2 97.0184 82.9816
5642 1430 0 9758 2 84.5532 95.4468
5644 1430 0 9763 2 87.7254 92.2746
5647 1430 0 9767 2 106.328 73.672
5652 1430 0 9775 2 100.566 79.4338
5654 1430 0 9778 2 73.6928 106.307
5655 1430 0 9779 2 67.0295 112.971
5660 1430 0 9786 2 75.4749 104.525
5661 1430 0 9789 2 66.3357 113.664
5665 1430 0 9796 2 103.269 76.7306
5666 1430 0 9797 2 72.0142 107.986
5667 1430 0 9798 2 112.408 67.5924
5668 1430 0 9799 2 72.8716 107.128
5669 1430 0 9801 2 93.9779 86.0221
5671 1430 0 9807 2 108.775 71.2252
5672 1430 0 9810 2 114.402 65.5975
5673 1430 0 9812 2 91.9417 88.0583
5675 1430 0 9818 2 96.9448 83.0552
5679 1430 0 9826 2 117.689 62.3108
5680 1430 0 9828 2 61.0623 118.938
5685 1430 0 9837 2 85.1551 94.8449
5686 1430 0 9840 2 59.6612 120.339
5687 1430 0 9841 2 93.2508 86.7492
5694 1430 0 9853 2 67.7758 112.224
5696 1430 0 9857 2 88.8138 91.1862
5697 1430 0 9858 2 115.735 64.2652
5700 1430 0 9861 2 95.4199 84.5801
5701 1430 0 9863 2 104.032 75.9677
5703 1430 0 9866 2 101.695 78.3054
5704 1430 0 9867 2 90.0085 89.9915
5705 1430 0 9868 2 93.3956 86.6044
5706 1430 0 9871 2 102.794 77.2055
5707 1430 0 9875 2 100.208 79.7918
5710 1430 0 9881 2 87.4517 92.5483
5713 1430 0 9886 2 107.302 72.6981
5715 1430 0 9888 2 93.6428 86.3572
5716 1430 0 9892 2 92.0681 87.9319
5717 1430 0 9898 2 101.784 78.2159
5718 1430 0 9899 2 101.116 78.8842
5719 1430 0 9900 2 111.778 68.2219
5723 1430 0 9913 2 84.1013 95.8987
5724 1430 0 9914 2 80.9474 99.0526
5725 1430 0 9916 2 94.1077 85.8923
5728 1430 0 9921 2 74.2026 105.797
5729 1430 0 9922 2 90.7163 90.7163
5732 1430 0 9930 2 101.109 78.8907
5733 1430 0 9931 2 68.4672 111.533
5743 1430 0 9950 2 74.7702 105.23
5747 1430 0 9956 2 101.504 78.4959
5748 1430 0 9957 2 73.2185 106.782
5750 1430 0 9962 2 89.5557 90.4443
5753 1430 0 9968 2 94.262 85.738
5754 1430 0 9969 2 67.1413 112.859
5755 1430 0 9975 2 94.9096 85.0904
5757 1430 0 9979 2 103.698 76.3023
5761 1430 0 9984 2 69.4154 110.585
5762 1430 0 9985 2 102.592 77.4084
5765 1430 0 9988 2 104.428 75.572
5766 1430 0 9989 2 65.0891 114.911
5772 1430 0 9996 2 85.2955 94.7045
5774 1430 0 9999 2 79.074 100.926
